1.348 0.5158168477
2.557 0.520884765
3.768 0.463240369
5.515 0.3468221151
7.516 0.3291536835
9.083 0.3324492133
11.202 0.2806119961
14.178 0.2321929046
27.553 0.2397399728
29.64 0.2650726222
31.411 0.3203369752
33.571 0.318255197
35.534 0.3218076857
37.747 0.3224670152
46.692 0.2226086293
50.641 0.137486851
54.938 0.1319661538
59.477 0.1316659546
64.12 0.1387706771
68.045 0.1429816794
72.503 0.1423151564
75.922 0.1865285129
83.832 0.1947305972
86.501 0.2066281469
89.394 0.2042174908
92.585 0.1926632942
96.589 0.1759708328
99.163 0.1781376872
102.259 0.195402417
104.973 0.2291589723
107.679 0.226694095
110.257 0.2386150973
112.481 0.255825431
117.997 0.2841089154
119.565 0.4717377621
130.95 0.3106647328
143.539 0.2173707465
145.961 0.2058355101
148.801 0.2112496971
151.668 0.2102954603
154.378 0.2136603286
156.959 0.2442398418
162.703 0.2469322593
164.979 0.3062303579
167.089 0.3078663803
169.027 0.3406074825
170.514 0.3783119523
173.905 0.360496067
180.911 0.3261841757
