0.329 2.119861716
1.123 2.092577931
2.227 2.09271844
3.407 2.092492208
5.789 1.62826364
8.469 1.166661902
10.631 1.587275147
13.215 1.577224826
18.145 1.584585073
22.513 1.875997695
25.971 2.403311144
29.192 2.456922162
32.303 2.741303065
35.492 2.740803046
38.581 2.509885652
41.985 2.370183835
45.884 2.376350207
49.083 2.489652752
52.524 2.48954822
55.835 2.484445533
58.97 2.476253058
62.274 2.476506728
65.645 2.475500995
68.777 2.47662583
72.122 2.452982808
75.831 2.283008789
79.811 2.28422103
83.03 2.349559945
86.456 2.370153609
89.905 2.369691181
93.359 2.345668753
96.813 2.345641604
100.35 2.367816957
103.963 2.392671733
107.785 2.39446509
111.184 2.434289924
114.243 2.432190484
117.62 2.411054403
121.086 2.34829798
124.604 2.349959632
128.039 2.353795379
131.552 2.359418435
134.959 2.355364704
138.741 2.331059103
142.197 2.331583452
145.853 2.357182946
148.982 2.372277144
152.385 2.373671302
154.719 2.411897053
