0.36 1.932102535
1.192 1.909443698
1.996 1.904959804
2.856 1.90391747
4.862 1.902286459
7.044 1.396931317
9.081 1.712352751
11.185 1.900115265
15.555 1.801938011
20.289 1.724442421
26.257 1.383425511
31.963 1.384873958
37.951 1.383806464
40.797 1.3857818
43.111 1.389172198
45.684 1.387982321
49.279 1.558080593
50.998 1.951744724
53.06 1.884065109
55.002 1.816091045
59.233 1.840222986
63.643 1.868382297
68.11 1.878431989
72.328 1.8463432
76.915 1.806371528
81.083 1.921649116
86.059 1.838025214
90.128 1.826070737
94.652 1.868238727
99.003 1.87554542
103.43 1.819943503
107.798 1.863165882
112.261 1.873138581
116.92 1.845108028
121.585 1.877139153
126.429 1.689562244
130.432 1.822590929
135.059 1.833751891
139.554 1.786059219
143.914 1.856468109
148.221 1.862466445
153.117 1.691121142
157.446 1.863273636
161.915 1.875120465
166.687 1.691795356
171.27 1.874851591
175.771 1.709173435
180.395 1.750193884
183.412 1.838863581
