1.125 0.6175670204
2.163 0.6229310806
3.071 0.6230166879
4.063 0.6230091227
5.119 0.6184606851
10.272 0.5928480896
16.607 0.538136741
21.939 0.7571284625
26.475 0.7128627684
33.034 0.5251571887
33.822 0.7558667596
34.954 0.6922714356
35.849 0.7336425522
38.097 0.7487715262
42.104 0.7890985889
47.061 0.7103575224
55.021 0.4558545715
69.131 0.2363375247
70.47 0.500138546
71.47 0.5634708117
72.712 0.5924048078
73.765 0.6325487394
76.545 0.5517726336
79.193 0.5016929335
82.027 0.5012028429
89.922 0.4335211778
100.099 0.3987821422
101.444 0.3524787486
103.164 0.358892379
104.757 0.4177359111
106.26 0.4155790259
109.99 0.4106611367
122.82 0.2598768459
126.09 0.4873401103
129.793 0.4203737765
141.128 0.3145612623
143.763 0.1977951475
146.281 0.1966229233
147.877 0.3992367787
149.18 0.4584337356
150.374 0.4892346725
151.282 0.7058044665
153.338 0.6892705744
180.909 0.1334819596
182.828 0.3529967928
184.657 0.3531327874
186.252 0.3455930808
187.263 0.5912544173
188.049 0.588176029
