0.504 1.382895475
1.041 1.394464997
1.489 1.390959718
4.212 1.338264855
6.916 1.425983196
8.746 1.717380114
10.663 1.816719451
13.002 1.72104681
15.207 1.509871166
17.274 1.729065352
21.91 1.759081525
26.416 1.775342393
31.01 1.825911262
35.419 1.964623911
39.122 2.064594564
43.16 2.02644419
47.636 1.922971131
51.347 2.106892607
55.584 2.073894299
59.636 2.04337102
63.449 2.029759061
67.593 1.982296889
71.882 1.98063814
75.858 1.975894309
80.016 1.98102557
83.992 2.016148338
88.53 2.01554993
92.44 2.015199491
96.641 1.922056304
101.644 1.633159047
106.449 1.658998732
110.624 1.942912282
115.025 1.888766157
121.947 1.244833603
128.824 1.260522371
130.082 1.903465145
131.536 1.902794872
133.449 1.899463596
137.734 1.878638384
142.104 1.859495194
146.866 1.684821955
152.042 1.584601616
156.143 1.957061028
160.442 1.950444302
164.602 1.931118471
169.014 1.941499429
172.843 2.060082524
176.819 2.05009923
179.841 1.820657011
