1.341 0.519382402
2.535 0.5270518888
3.621 0.5260049893
4.827 0.5265505153
6.098 0.5222911112
8.527 0.5190303233
11.173 0.5168260138
18.916 0.5144287023
25.139 0.5193581073
31.792 0.5182714564
38.719 0.5149207096
40.116 0.5237292466
41.374 0.5235715237
42.709 0.5216822072
45.245 0.5185033641
47.957 0.5189285705
55.012 0.5150810571
61.534 0.5150946051
68.762 0.5149883604
69.834 0.5245524073
71.243 0.5199297515
72.448 0.5245801878
73.698 0.5242913871
76.279 0.5217524633
83.034 0.5199494753
89.71 0.5120437798
97.529 0.520006528
103.123 0.5135154092
110.224 0.5173673146
111.554 0.5314818351
112.736 0.5284754941
113.946 0.5258528402
116.688 0.5181365825
119.809 0.5170399622
127.361 0.5141543929
134.938 0.4678391486
140.719 0.4778785147
141.717 0.5247751742
143.047 0.5194329434
144.211 0.5185073013
146.981 0.520112588
149.884 0.5195145643
156.622 0.513882685
163.75 0.5167356819
170.689 0.5203677557
177.849 0.5208802602
178.891 0.5333449005
180.04 0.5307042661
180.922 0.5313040465
