0.649 1.069993493
1.256 1.083713434
1.802 1.074832509
3.127 1.182233043
4.121 1.682266391
6.327 1.410153572
8.704 1.470828761
11.383 1.535476563
15.465 1.885480389
19.938 1.823427364
26.117 1.323847829
30.935 1.654757351
35.334 1.905059478
39.019 2.344487481
42.132 2.467542229
46.374 1.922786022
49.938 2.551479671
53.181 2.411287856
57.765 1.814258949
61.778 2.020724087
68.706 1.100078204
75.323 1.245109273
79.235 2.160319561
83.545 1.794063544
88.638 1.618402505
93.605 1.664693909
95.2 1.743118582
96.955 1.715466318
99.218 1.639541005
101.528 1.639419287
106.669 1.554655062
111.466 1.681594465
115.71 1.941406852
118.528 3.124889056
126.131 1.172058622
128.512 1.667204563
129.793 2.288171048
131.435 2.287820505
134.804 2.40814538
141.217 1.265506162
147.104 1.355018349
152.491 1.538984297
157.631 1.572589584
166.036 1.01591142
169.539 1.104371816
172.925 1.10460637
175.707 1.14956247
178.42 1.208985879
179.445 1.565652212
