0.505 1.3772625
1.036 1.384456875
1.493 1.387250492
2.667 1.358382378
5.456 1.354605886
7.706 1.359951848
9.972 1.560796044
12.582 1.534879101
16.699 0.7966447312
18.932 1.608014419
21.052 1.712786231
23.442 1.465854828
29.222 1.440313107
36.343 1.204954414
40.795 1.702277535
45.345 1.805294475
49.804 1.939171025
54.14 1.810175217
60.186 1.382943411
64.821 1.780749084
70.091 1.52079362
77.648 1.088717119
79.114 1.744172589
80.92 1.903761163
82.078 2.049072921
83.662 2.176847619
87.289 2.489035262
90.611 2.290857635
94.388 2.161136252
97.62 2.75490792
100.509 2.807262854
103.455 2.807187386
106.412 2.806482771
109.54 2.807243567
112.671 2.809871472
115.552 2.808004857
118.156 2.805859041
121.053 2.80865796
124.114 2.821630704
127.099 2.762218986
130.534 2.358041552
134.882 1.903452117
137.941 2.692878582
141.271 2.531211372
144.493 2.484774569
148.162 2.353200097
150.624 3.028124624
153.525 3.054835361
155.367 3.029945673
