0.169 4.148686425
0.567 4.087156346
0.923 4.103451149
1.567 4.102779365
3.644 4.077655506
8.854 1.402634156
13.047 1.93940857
17.113 2.126469229
23.123 1.293894564
26.654 2.343498718
29.646 2.749911119
32.549 2.749783137
36.096 2.493454669
39.601 2.493694698
42.495 2.674571588
45.546 2.724219461
48.78 2.685006034
51.686 2.662725589
54.983 2.60495774
58.223 2.574542563
61.471 2.397232028
65.287 2.257585191
69.17 2.197665511
73.167 1.921466085
78.275 1.607210233
83.023 1.663632918
86.136 2.938900474
88.7 2.941189314
92.028 2.465077488
95.494 2.378794605
99.167 2.335909656
102.679 2.303042751
106.315 2.259502624
109.957 2.397392336
112.839 3.032199699
115.538 3.031065676
117.789 3.274145466
120.325 3.300753404
122.663 3.518283321
125.137 3.568535033
127.83 2.988889559
130.797 2.809763862
134.417 2.248668696
138.54 2.048208507
143.163 1.736394531
148.618 1.547160441
152.85 1.763295194
156.198 2.437180902
158.684 2.441714462
