0.852 0.8176975663
3.743 0.8074703657
6.458 0.8067258704
9.362 0.8104255536
12.483 0.7936150482
14.925 0.8060762644
19.232 0.8015701719
24.411 0.7757402733
28.675 0.7642108695
31.314 1.308445913
34.08 1.308796967
36.692 1.32267831
39.414 1.354597411
42.366 1.353192337
44.869 1.349902312
47.514 1.320718563
50.336 1.321006929
52.909 1.32098841
55.767 1.334033029
58.381 1.336462177
60.894 1.335664046
63.669 1.337772563
66.406 1.337561974
69.153 1.326652006
75.365 1.324339139
81.113 1.373810552
87.684 1.378092521
93.249 1.350391412
99.334 1.31850126
105.349 1.356562343
111.191 1.36133287
117.334 1.327559871
123.808 1.313672786
126.779 1.344643981
129.656 1.342916277
132.327 1.342176151
134.435 1.342983008
137.115 1.34484364
139.77 1.323899239
142.434 1.321152558
144.933 1.320021739
148.097 1.318802735
151.695 0.9464706932
156.23 0.8228103261
160.77 0.8023214046
165.396 0.7991540724
169.402 0.7974255278
173.612 0.7708617112
176.674 0.7553447732
