0.472 1.470078016
1.538 1.457404473
2.512 1.45473519
5.022 1.44463547
7.457 1.584425773
9.096 1.878722887
11.216 1.679061746
13.947 1.498153927
16.126 1.503430957
18.39 1.56148024
20.729 1.577525586
23.166 1.578404274
28.785 1.476010523
34.594 1.490332771
39.199 1.662813232
43.8 1.784770619
47.886 2.142062158
51.072 2.5002159
54.352 2.547909005
58.145 2.146140884
62.12 2.040677614
66.091 2.085983121
70.12 2.113896731
74.547 1.753110745
81.016 1.271746559
84.846 2.099388779
88.256 2.662308407
91.586 2.238427265
95.675 2.002020824
99.705 2.118379195
102.903 2.539688527
106.255 2.45974609
109.846 2.304871597
113.619 2.292708358
117.519 2.254243001
121.098 2.286989903
124.012 2.549414945
127.244 2.547949996
130.742 2.449011778
134.075 2.443468892
137.17 2.562184319
140.345 2.591147031
144.22 2.071608169
148.885 1.806188246
153.407 1.798422731
158.202 1.781708645
162.475 1.75270356
167.642 1.623306599
171.004 1.622362149
