0.378 1.842604598
1.232 1.813738085
3.117 1.811875651
5.142 1.796821447
7.268 1.801533678
8.841 1.946214565
10.552 2.048782155
12.307 2.320376053
15.795 2.258677394
19.72 2.119428969
24.953 1.57168326
29.516 1.735934127
33.239 2.266526914
37.196 2.176292056
40.366 2.441695633
43.559 2.540933353
47.099 2.581642662
50.176 2.581085417
54.196 2.069737157
57.94 2.20999301
61.412 2.231540991
64.998 2.31902048
68.768 2.257711017
72.248 2.211530337
75.836 2.306235041
79.478 2.31952611
83.297 2.351740892
86.306 2.534666948
89.54 2.535935672
92.992 2.378091859
96.519 2.303732705
100.1 2.287873798
104.206 2.041078379
108.518 2.021375477
112.58 2.271542034
115.758 2.531661521
118.662 2.505582898
121.978 2.4427594
125.259 2.442981585
128.74 2.325994426
132.204 2.310797349
135.91 2.255297555
139.526 2.246109028
143.468 2.251576728
146.995 2.269979294
150.79 2.27132741
153.963 2.388589463
157.308 2.432004851
159.602 2.435024833
