0.435 1.602454709
1.457 1.583391412
2.34 1.577868761
3.316 1.576747617
4.383 1.579837374
5.159 1.584152711
7.299 1.619325895
9.772 1.671457326
14.473 1.642806828
18.449 2.049445285
24.172 1.427642361
28.39 1.87180068
33.183 1.759081034
38.306 1.694753666
42.512 1.821137734
46.774 1.924172313
51.536 1.878024066
55.959 1.76269248
61.122 1.616817576
67.256 1.328631107
75.147 0.9689960881
79.548 0.8249649237
82.262 1.362359755
84.35 1.6025747
86.859 1.365558229
89.155 1.509073047
92.025 1.425113976
94.053 1.455225298
96.456 1.547676218
99.861 1.148994714
103.171 1.000569513
106.215 1.185385656
109.296 1.105109058
112.707 1.172673679
115.716 1.315150951
118.221 1.459323695
123.805 1.300475553
129.346 1.472138451
135.31 1.346665621
141.167 1.38855677
146.27 1.55242403
150.958 1.749749589
156.822 1.359660142
163.093 1.338242588
167.895 0.7656409026
170.391 1.538725048
173.289 1.113923547
176.854 0.9159730081
180.716 0.5894447568
