0.283 2.468014187
0.641 2.483703751
1.247 2.429976658
1.896 2.431156154
5.451 2.415993096
8.887 2.13863289
14.775 1.394486996
18.76 2.157162758
22.636 1.998333241
27.575 1.659536422
33.529 1.368670846
36.321 1.261556392
39.172 1.277922086
41.963 1.402417231
44.461 1.249970894
47.328 1.222887558
50.119 1.330784922
52.86 1.246517251
55.541 1.398525681
58.542 1.254488594
61.325 1.225592693
64.059 1.344861441
67.006 1.247217469
72.7 1.361368182
78.903 1.336744616
85.027 1.303382182
92.175 1.26268191
94.556 1.205225054
97.792 1.211810783
100.785 1.265135692
103.585 1.219080378
106.937 1.103927251
110.139 1.055166629
113.804 1.074814503
117.17 1.173967413
120.359 1.118907843
122.828 1.126967037
126.138 1.152215871
129.233 1.121033087
132.347 1.14389283
135.167 1.162830512
145.205 0.8138044156
151.932 1.195339561
158.781 1.220325293
161.509 1.376204076
164.979 1.086212687
167.738 1.272662241
170.567 1.147721192
172.562 1.148794088
