1.13 0.6181315241
2.166 0.6236023425
3.074 0.6222714527
4.064 0.6243547147
5.119 0.6190904821
7.176 0.6139617762
12.482 0.3992482362
24.815 0.3231456778
26.173 0.4579969639
27.443 0.4322654624
29.551 0.2694560767
32.019 0.267533733
34.015 0.3274472508
41.128 0.2383609608
46.811 0.2287014109
59.717 0.2733753892
62.171 0.2356746544
64.694 0.2330443581
67.264 0.2611079845
69.356 0.2676342466
71.843 0.2675550911
74.362 0.247472694
76.985 0.2453725888
79.172 0.2471160946
80.618 0.4101227294
86.951 0.5437728118
102.392 0.2606124087
104.108 0.2705874163
106.432 0.2678652918
108.783 0.2726687428
111.032 0.2729840781
113.323 0.2729730028
119.431 0.2317864577
125.672 0.2530249938
127.988 0.3023740687
130.794 0.2269454148
133.177 0.2245610046
135.367 0.2234871018
137.929 0.2376325202
143.951 0.2479427448
161.573 0.1831764908
163.083 0.4254778869
164.219 0.5052668053
165.635 0.496083699
166.979 0.5042811326
168.215 0.5093087079
172.198 0.3199274937
177.003 0.2543247177
180.404 0.296961638
