0.362 1.932102535
0.71 1.935461451
1.496 1.907744833
2.355 1.906469638
4.363 1.901310928
5.98 1.899078711
9.462 2.326165989
13.226 2.290571587
16.836 2.168355921
20.703 2.125570623
24.829 2.011129027
28.664 2.082658653
32.688 2.065450261
37.804 1.694414376
42.23 1.806582746
47.102 1.671499164
51.236 2.11598488
54.581 2.339847746
58.88 1.934048465
64.88 1.345793428
67.861 2.566725091
71.785 2.088135283
78.659 1.224181085
87.788 0.8577663921
89.513 2.083690224
91.084 2.283035308
92.948 2.177580355
94.334 2.126867743
96.145 2.084370391
100.407 1.918455897
104.118 2.179189352
107.955 2.13217382
112.607 1.851016572
116.993 1.985515408
121.381 2.010341299
125.07 2.178889014
128.439 2.14377402
132.866 1.833751891
137.315 1.803509923
141.771 1.830080896
145.188 2.320368699
149.879 1.857758822
153.697 2.084189893
157.994 1.972348933
164.584 1.221082636
169.01 1.945114884
178.808 0.7538237283
181.12 1.437533894
182.418 1.843966669
