0.584 1.19055614
1.203 1.203124686
1.752 1.195905596
3.029 1.17831512
3.633 1.180479327
6.259 1.172630657
9.164 1.181823811
12.502 1.201169089
15.195 1.230504003
18.078 1.229863416
21.137 1.157931997
23.893 1.274751602
26.744 1.291038588
31.444 0.8675168694
36.262 0.6520543706
39.063 1.250498275
42.012 1.242924597
44.816 1.22110641
47.979 1.199453791
50.862 1.208598051
56.937 1.261386429
63.372 1.273509595
69.826 1.288712152
76.656 1.127909998
83.701 1.165342549
89.897 1.287947393
93.21 1.254564622
95.571 1.252320882
98.626 1.203347854
101.979 1.113397025
104.93 1.113382182
108.318 1.075827285
111.588 1.04016426
115.418 1.039983895
119.24 1.07934617
122.573 1.079684136
125.13 1.078982369
127.971 1.269994212
130.62 1.297472075
133.524 1.232699324
136.647 1.055581021
140.615 0.9783573794
144.091 0.9782069509
148.549 0.8746581038
152.366 0.952756668
155.844 1.066861351
159.647 0.8293139882
162.903 0.9909346014
168.097 1.05098628
