1.232 0.5663617147
2.352 0.5729732415
3.352 0.5710416404
4.452 0.572428184
5.627 0.5603196806
6.61 0.5399433774
13.219 0.5205869957
20.726 0.5341420839
25.969 0.6183702377
30.004 0.8553956926
33.482 1.041035348
36.536 1.129970212
39.654 1.159299957
43.112 1.135231145
47.322 0.7810321582
52.072 0.7391020799
56.998 0.7388084774
61.13 0.8224026696
65.611 0.8376486464
70.177 0.7717979016
73.854 0.9141272951
77.173 1.091254277
80.266 1.180950093
83.58 1.058471376
86.77 1.058686348
89.143 0.9456670654
93.603 0.9138681589
96.805 0.9147669891
100.351 1.054331876
103.596 1.14212533
106.577 1.135167438
109.92 1.07452483
113.279 1.072002567
116.739 1.126041042
119.446 1.447863452
121.929 1.450881326
124.13 1.282631359
127.574 1.040600325
130.865 1.041576196
134.344 1.009749038
138.129 0.8623096374
142.84 0.8612285312
147.504 0.7194581896
152.815 0.6985796117
156.408 1.022977048
160.072 1.028415897
163.115 1.031039012
168.307 0.6185067247
171.75 0.6711394203
