0.274 2.542240178
0.901 2.51038537
4.446 1.418163015
6.9 1.456148924
8.613 2.310003931
10.426 1.740452394
13.373 1.176457514
16.09 1.479054852
18.166 1.621799243
20.146 1.7576745
25.882 1.426634672
30.081 1.923833516
34.114 2.104051866
38.837 1.828781289
44.511 1.333937797
49.628 1.596825089
54.68 1.71572102
59.118 1.778240835
64.229 1.711274289
68.416 1.954745279
72.758 1.786914595
74.259 1.588406072
75.252 1.586785631
77.368 1.583840266
79.685 1.468845835
82.214 1.405237746
85.168 1.403634866
87.145 1.462773147
92.446 1.517296883
96.151 2.21271054
99.834 2.170164547
103.44 2.263886456
106.828 2.458529703
110.007 2.747399228
112.706 3.302869314
118.006 1.534783255
124.733 1.110388938
131.902 1.128382997
137.323 1.496746591
141.45 1.978882714
144.813 2.376620061
148.335 2.371122582
151.908 2.256382826
155.483 2.379440843
159.008 2.326094144
162.81 2.380009554
165.459 2.862932582
169.023 2.282428243
171.793 1.991301114
