0.704 0.9915482219
1.399 1.004692663
2.041 1.002348621
2.699 0.9985362104
4.377 0.9857452773
7.464 0.9795050948
10.959 0.9799819209
15.05 0.9785758595
17.865 1.156063892
20.742 1.202455777
23.66 1.227887846
26.467 1.238660631
29.359 1.238380193
32.697 1.246845074
35.238 1.261840972
38.025 1.265242544
45.008 1.236474904
51.309 1.236987166
58.258 1.20711983
64.776 1.24126174
70.903 1.246261394
77.64 1.222177007
80.862 1.218104477
83.568 1.225640432
86.336 1.22799832
89.155 1.229839458
92.398 1.256532875
93.955 1.261883114
96.893 1.25772228
99.903 1.256812431
102.617 1.247159005
105.747 1.250081
108.44 1.25270924
111.599 1.248317784
114.774 1.246429804
117.628 1.246408523
119.886 1.248955639
126.436 1.244790905
132.934 1.236716605
139.469 1.237070025
145.784 1.250653198
152.44 1.245720848
158.842 1.248667477
161.808 1.25531319
164.747 1.258243727
167.739 1.248439257
170.287 1.248999159
172.941 1.245824784
174.804 1.245811933
