2.149 0.3235578408
4.043 0.3262136268
5.765 0.3253401716
7.635 0.3273796522
9.653 0.3247579345
10.982 0.3895113916
12.713 0.3437031803
15.747 0.226897277
19.91 0.1428614383
21.793 0.3221804225
25.222 0.4041385358
37.06 0.2920669325
40.317 0.189875732
45.25 0.143058094
49.292 0.1370535507
53.074 0.1470350948
56.93 0.1456091359
60.984 0.1466977316
68.33 0.2136025358
71.462 0.1775763656
75.827 0.1463640528
80.188 0.1423733277
84.31 0.1586240591
86.523 0.2597790705
87.94 0.4248041656
97.174 0.154947963
101.588 0.1607908394
103.23 0.2688280703
107.139 0.1519161572
110.359 0.194571974
111.803 0.432779636
116.35 0.1364865014
120.092 0.1530416933
124.087 0.1620347262
129.225 0.1356318007
131.714 0.2572767873
135.823 0.1268903551
138.679 0.1790673052
140.858 0.2793202658
149.46 0.1713064278
151.422 0.297829549
153.281 0.3529022333
156.703 0.1614739058
162.015 0.1285479621
166.654 0.1424614436
168.208 0.439396221
173.494 0.2393393436
183.33 0.1245063675
186.037 0.1718539015
