0.926 0.7497071922
1.79 0.7545019216
2.616 0.7539404847
3.437 0.8177545486
3.896 1.583194931
6.332 1.285996762
8.303 1.778351564
10.576 1.819483067
12.269 1.908687918
16.029 2.168413353
19.079 2.718472996
22.367 2.398890565
26.958 1.806644667
33.171 1.374184089
39.647 1.158468731
46.815 1.129104639
56.132 0.9243367854
60.768 0.7264708036
64.117 1.114662307
67.847 0.9476128676
71.45 0.9400379327
75.273 0.9464901242
79.286 0.9072100866
82.933 0.9277101472
86.145 1.068849737
89.25 1.185283192
91.796 1.612795116
93.582 1.689770298
95.915 1.567793327
98.438 1.497390388
100.764 1.445217619
103.851 1.171693082
105.972 1.59889261
110.9 1.739813461
114.854 2.234875643
118.906 1.995179833
123.757 1.505568472
129.807 1.332858875
136.803 1.153501987
143.44 1.223794706
147.186 2.132367102
152.992 1.480385697
161.412 0.9515162295
164.793 1.110277005
167.876 1.20470144
171.003 1.185247652
174.124 1.028636458
177.345 1.008391809
179.54 1.049228326
