0.321 2.160498043
0.676 2.17557509
1.322 2.128707121
2.076 2.129081363
3.858 2.123457221
9.018 1.414446391
14.523 1.483140392
23.606 0.9472518327
27.74 1.249471123
30.178 1.436746611
32.346 1.643533943
34.351 1.758119546
36.61 1.754834713
39.946 1.191361239
42.574 1.193819857
45.494 1.192315369
48.632 1.19144495
51.311 1.268596494
53.546 1.717590913
56.038 1.416925467
58.457 1.413663183
61.172 1.43909434
64.137 1.230173158
70.295 1.251356369
76.807 1.272144353
82.765 1.338813497
89.498 1.332946333
96.351 1.088973597
102.302 1.349424641
106.579 1.930880533
112.429 1.351037468
114.933 1.468250637
117.119 1.562467909
119.918 1.425262903
122.688 1.425156109
125.275 1.426709797
127.212 1.427096154
129.93 1.333542433
132.79 1.2179873
135.903 1.236662988
137.948 1.65019772
142.948 1.646572865
150.992 0.9893240316
162.389 0.7324767313
165.387 1.242033762
168.224 1.348443435
171.351 1.016455237
175.932 0.6991337394
177.924 1.30416378
