0.202 3.432669479
0.746 3.402838884
1.189 3.398170483
1.725 3.394334965
4.262 3.381996851
6.441 3.38116258
8.88 3.379062173
11.423 3.38175297
14.969 2.205256123
19.372 1.849339007
25.764 1.274190495
33.6 1.004545054
38.223 1.901533223
42.766 1.901078124
46.549 1.994486673
50.688 1.963816776
55.279 1.905759486
59.268 1.935488004
63.712 1.876492729
68.234 1.815404984
72.302 1.901087289
76.803 1.926630294
81.357 1.858574521
85.389 1.911803193
89.759 1.914804847
93.79 1.967023398
98.708 1.857566445
102.876 1.806285681
107.08 1.903623733
111.351 1.898547392
115.565 1.983931346
119.782 1.914970111
124.222 1.889642005
126.34 1.900819528
128.422 1.897845877
130.376 1.882644938
134.232 1.869348497
138.71 1.816652999
143.015 1.889370905
147.462 1.918484227
150.137 1.90025541
152.416 1.892138316
154.274 1.871980366
158.664 1.89579244
162.826 1.920327479
167.396 1.863978038
171.434 1.85995722
175.788 1.874184706
178.927 1.888351411
