0.285 2.441284792
0.542 2.462565846
0.822 2.442342415
1.501 2.418752296
2.619 2.404417869
3.953 2.404886601
7.514 2.290317541
11.273 2.324955167
14.646 2.29116661
18.349 2.219715567
22.003 2.24950993
25.547 2.274689716
29.201 2.287980676
33.066 2.25455509
36.674 2.212153072
40.261 2.256618094
44.116 2.238916704
47.649 2.226936488
51.45 2.207461517
55.074 2.250287412
58.45 2.271628554
62.093 2.258845004
65.931 2.220699361
69.654 2.202561211
73.305 2.261983034
76.903 2.243116627
81.149 2.152874182
84.57 2.183782718
88.18 2.225340412
91.805 2.237931872
95.592 2.135960867
99.357 2.190037089
103.387 2.155521282
107.578 2.091455129
111.519 2.195436662
115.363 2.126028737
118.607 2.237828662
122.611 2.049210682
126.32 2.199292649
130.071 2.181096413
133.688 2.192576517
137.807 2.135568223
141.57 2.155921094
145.25 2.268906071
148.92 2.189492494
152.759 2.231894643
156.203 2.151209737
159.896 2.234705321
162.469 2.170412855
