0.997 0.6978698528
1.957 0.7040182164
2.772 0.7011036852
3.689 0.6777871815
4.787 0.635927671
6.683 0.6432932835
11.049 0.7820287583
17.357 0.6334734687
20.783 0.9449625617
22.682 1.815888078
27.785 0.693472862
31.289 0.9839994346
36.684 0.6685560495
42.879 0.6285042334
45.775 1.148939412
48.153 1.465586113
50.876 1.35078169
53.204 1.43866598
56.072 1.330169067
61.135 0.6840621656
65.906 0.712296784
68.736 0.8470325064
73.087 0.8452386934
78.418 0.6499348523
83.195 0.7170793107
87.447 0.816911543
93.163 0.7110387557
97.01 0.7455000337
103.599 0.5597875925
109.598 0.6196098157
113.566 0.847157551
117.274 0.6340299452
121.688 0.788342884
126.497 0.8242851804
128.612 1.288905022
133.78 0.695136173
137.741 0.694183997
141.007 1.098211416
144.837 0.9068727545
149.735 0.7217305468
152.834 1.058380042
156.086 1.279845152
158.614 1.321265501
164.425 0.6342496264
167.903 1.057551428
172.857 0.7539593942
177.075 0.7453024409
182.158 0.62551147
186.473 0.5262253097
