1.02 0.6810029077
1.971 0.6856670307
2.789 0.6835991254
4.109 0.4903752891
5.859 0.3794924179
7.184 0.3844114062
8.861 0.3832013281
18.08 0.4334292154
24.714 0.4904513481
30.989 0.5534585611
35.762 0.7540545077
40.408 0.743952483
47.851 0.4824593519
48.747 0.8196036637
49.45 0.8282043662
51.202 0.8156811363
52.878 0.8642399405
56.357 0.9577165972
61.503 0.7233563621
66.397 0.7204957555
70.672 0.7999165042
75.722 0.7109091489
80.88 0.7124489184
84.22 0.9862372053
89.027 0.7105201934
95.163 0.5762243698
99.41 0.9600983631
102.357 0.9930375448
105.854 1.054946647
109.232 1.096578338
112.284 1.096472902
116.045 0.9799144464
119.164 1.079383568
122.786 1.078124402
126.269 1.207774702
129.109 1.255769961
131.977 0.982777344
135.739 0.9405210372
139.875 0.8343408433
143.867 0.877419443
147.562 0.8772342273
152.131 0.8457539281
157.099 0.6766332973
161.755 0.8341777265
165.542 0.9599356741
169.945 0.8455864039
173.61 0.8612106801
176.813 1.018175688
178.945 1.098920442
