2.623 0.2661298258
4.938 0.2691641739
7.022 0.268292385
9.337 0.2692838686
11.774 0.2654789753
13.628 0.2684289933
15.923 0.2680787852
18.525 0.2656767623
20.779 0.2687383911
23.354 0.2094824933
29.419 0.09205984962
34.329 0.1303739022
36.422 0.3074132031
39.137 0.2615551778
41.917 0.1980762533
55.21 0.1680261495
57.044 0.3190693916
62.037 0.2857448832
65.145 0.2105305994
68.14 0.1848422769
71.507 0.1933028213
74.354 0.222350466
81.047 0.2285553615
83.95 0.18565067
88.197 0.1363660637
91.278 0.2047908836
94.165 0.2439985042
106.908 0.0819585854
112.172 0.1179757727
118.088 0.0992188212
126.398 0.07375624732
130.016 0.1863824575
131.86 0.3174298942
136.047 0.1489718924
141.369 0.1322699178
144.482 0.1999408175
147.428 0.1756523107
150.499 0.1621931709
153.825 0.1813976439
157.004 0.1877233702
161.281 0.1362011894
165.936 0.1355665863
168.825 0.2006427247
172.574 0.180546518
177.535 0.1315423153
181.677 0.1542440102
185.025 0.1610953573
188.836 0.1271606642
192.424 0.1258604523
