2.038 0.3406729911
3.859 0.3428335153
5.49 0.3431523314
7.357 0.3429136808
9.209 0.3501998004
10.597 0.3788312406
12.141 0.4168154797
13.882 0.3959934105
23.561 0.3332534215
30.64 0.4861064611
33.432 0.4902441716
34.808 0.532858472
36.403 0.4100951166
39.432 0.23466547
43.726 0.3042322578
50.16 0.2194598836
62.104 0.3082009822
65.595 0.171589169
69.725 0.1601172336
72.334 0.2164509933
75.12 0.2372494983
76.845 0.3694180177
78.558 0.3825287849
83.072 0.2899150504
88.597 0.2470405598
90.253 0.3824951973
91.991 0.4140806929
97.592 0.5181382744
106.085 0.4341813053
107.54 0.5039414127
108.693 0.5566072695
115.488 0.09096274285
118.972 0.1722519477
120.485 0.4333245137
123.574 0.4909202148
135.359 0.3054221303
141.756 0.4305307545
142.779 0.4965310852
144.32 0.4165948995
145.798 0.4157331269
148.165 0.2523562616
150.703 0.2504372754
155.299 0.3245147276
161.891 0.2544882039
173.438 0.3191197857
175.124 0.3828822376
176.491 0.4151605191
177.856 0.4293221646
178.909 0.4341008114
