4.899 0.1419172901
9.145 0.1458424833
12.502 0.1657804125
16.102 0.1719668251
19.782 0.1760124069
22.675 0.1719439013
26.303 0.1648463649
30.339 0.1698600576
34.079 0.1581795383
37.47 0.161190579
40.698 0.1720231491
44.557 0.167333833
48.386 0.1650341375
52.623 0.1645256063
55.994 0.1660632918
59.43 0.1607234603
62.915 0.1628441404
66.57 0.1641484432
70.503 0.1635221721
74.023 0.1598620668
78.212 0.1538915664
82.437 0.1487595616
86.196 0.1711821682
89.519 0.1679870564
93.189 0.1594256287
96.774 0.1718473321
100.935 0.1692789223
103.628 0.1661806962
107.294 0.1651319848
111.133 0.1602589055
115.026 0.1596376356
118.893 0.1601859623
122.295 0.1706590566
126.132 0.1689231155
130.549 0.1596164622
134.378 0.1642252712
137.48 0.1667380756
140.417 0.1665862687
144.018 0.1659679031
147.62 0.1656513825
151.169 0.1659797969
175.089 0.1608716754
178.601 0.1667583251
182.604 0.1699205035
186.624 0.163924632
190.592 0.16000588
193.931 0.1654197152
196.933 0.1656579695
199.655 0.1660457179
