0.687 1.0153692
1.386 1.022443417
2.732 0.9976280317
4.014 1.935599363
5.248 3.243706307
6.206 3.307052717
7.489 2.844761708
8.786 3.342914652
11.048 3.567719542
13.311 3.655942948
17.607 1.923563809
20.311 3.002066504
23.979 2.300791318
26.471 3.433509049
28.682 3.424876106
31.152 3.270621322
34.027 3.239573656
37.082 2.573282338
40.459 2.463561287
43.559 2.627669383
46.404 2.71166525
49.632 2.590624158
53.191 2.371763008
56.646 2.277101318
61.079 1.861774088
65.356 1.931603391
69.467 2.195305799
72.905 2.160626259
77.234 1.879738303
81.596 1.879486561
87.555 1.345026693
93.976 1.256172217
100.078 1.344445062
106.16 1.406406748
112.909 1.319421664
119.459 1.237736116
125.526 1.187578789
132.993 1.082801035
140.272 1.109328745
146.264 1.341198399
152.13 1.348494877
154.817 1.465843409
157.147 1.475630002
159.671 1.475696076
162.129 1.477680599
164.976 1.322089491
168.066 1.013454877
171.233 1.011307173
173.523 1.011126526
