1.723 0.4049316691
3.292 0.4044045939
4.737 0.4067388072
6.281 0.4037377555
7.851 0.4047582247
9.113 0.4070630315
10.656 0.4061279033
12.367 0.4009034342
20.443 0.3975237242
29.512 0.379390902
31.378 0.3083547622
33.608 0.2957310257
35.654 0.3187199787
37.639 0.3566915144
41.858 0.3075156081
47.275 0.2575997537
60.1 0.286539235
61.619 0.4113352693
63.196 0.4257234682
64.58 0.4277778407
66.245 0.4150606933
70.431 0.3661002393
74.781 0.3696221722
78.336 0.3672645857
88.357 0.3377305793
98.405 0.3448030405
100.734 0.3116572327
102.246 0.3035664993
104.266 0.3024651495
106.383 0.3022549368
110.93 0.2991569791
113.235 0.2720854919
117.681 0.3208145118
121.887 0.3718180842
124.383 0.2909015245
127.154 0.2225304647
129.675 0.2076094105
132.051 0.2060193739
145.329 0.2577333198
147.95 0.2278129262
150.662 0.2154164409
154.369 0.1699749322
157.666 0.1724003239
160.362 0.2532359301
166.908 0.2312029211
174.194 0.2072163829
180.019 0.2196184989
182.101 0.2511314372
183.938 0.2552597681
