0.666 1.041965928
1.272 1.059895557
1.823 1.046718178
3.3 1.035099236
4.966 0.9889292091
8.44 0.8735428022
12.563 0.8341252754
17.349 0.8355516394
21.334 0.8115219543
25.857 0.7671727561
30.393 0.7827578812
34.676 0.8226880519
40.499 0.610179014
46.619 0.664812031
51.346 0.6626580301
56.661 0.6561949672
57.546 0.6590161632
59.773 0.647964226
62.162 0.6474998756
64.241 0.6483743639
66.523 0.656710893
70.141 0.6550642933
75.811 0.6670464679
80.699 0.6821111949
84.91 0.8176635078
89.925 0.687425564
96.5 0.6194230893
100.44 0.7398286011
105.634 0.7088084228
111.181 0.6662397761
117.143 0.5493488684
121.484 0.5442875609
123.456 0.7191074891
124.363 0.7263492147
126.505 0.7200321105
128.513 0.7221003229
130.395 0.6762431202
135.458 0.7094521622
139.937 0.7665944106
144.152 0.8391320491
146.718 1.275212695
151.908 0.7487546559
157.727 0.5796654518
163.667 0.6209862643
169.256 0.6461005189
174.939 0.6739729271
179.406 0.7062911817
183.818 0.7343595122
186.688 0.806777159
