0.888 0.7826804252
1.758 0.7894992822
2.491 0.7870180551
3.358 0.790906246
4.199 0.7844475528
8.882 0.6544376232
14.802 0.574679724
21.563 0.5947887952
27.178 0.5728131671
33.213 0.5686421014
39.529 0.5651142414
41.088 0.457335224
43.021 0.3416678172
44.179 0.6634886801
46.022 0.6992421273
48.543 0.5666337344
55.013 0.5642210669
60.973 0.5645210923
67.546 0.5646982728
71.604 0.5514995031
72.964 0.5633820939
74.084 0.563885908
76.979 0.5606721922
79.276 0.5714098693
81.677 0.5713669626
84.294 0.5521308376
91.578 0.5605501501
96.62 0.5656290869
103.232 0.5571157811
109.699 0.5704344335
115.596 0.5642322348
116.74 0.5852148491
117.752 0.5842650672
120.532 0.5700106487
125.149 0.5694164567
127.712 0.5481318431
131.075 0.5614137881
137.212 0.57506409
145.018 0.4399784895
151.117 0.5785424875
157.002 0.5537864355
158.212 0.5621393183
159.249 0.5948570649
160.41 0.5956692742
163.081 0.5831400985
169.74 0.5692587291
175.333 0.5622314265
181.073 0.5590835071
185.034 0.5723308675
