0.452 1.540400655
0.886 1.54320793
1.776 1.522634149
2.722 1.564605446
3.563 2.033017816
5.245 1.823533965
7.518 1.528220446
13.029 1.571994045
17.287 1.830848414
21.407 2.018680532
25.419 2.066650994
29.01 2.233119144
33.894 1.717898535
38.34 1.95509351
41.568 2.361310592
44.505 2.958788247
47.342 3.109470296
49.769 3.240550558
52.16 3.507567301
54.421 3.621794413
56.585 3.64420719
58.938 3.622237357
61.274 3.640186044
63.395 3.636174701
65.977 3.569149184
68.195 3.574039318
70.775 3.606129599
72.819 3.638554637
75.081 3.645553072
77.388 3.525992529
80.219 2.894085416
83.146 2.812127878
86.079 2.8407201
88.99 3.162062457
91.71 3.293997447
94.179 3.357782649
96.308 3.395583101
99.086 2.981643612
102.061 2.782070512
105.057 2.704204902
109.485 1.791013063
113.542 2.065540694
117.2 2.320737173
120.433 2.640524723
122.951 3.232747609
125.927 2.860737262
128.82 2.592307114
131.996 2.594138507
134.004 2.809644038
