0.519 1.341737872
1.045 1.352109752
1.498 1.347717447
2.04 1.347674746
3.274 1.321988269
6.561 0.9179465491
10.255 0.9289017822
14.075 1.050782975
17.174 1.036679516
20.65 0.9904844063
22.651 1.800101286
25.228 1.358483296
28.637 1.059552728
34.176 0.7322402598
38.979 0.6443556472
42.481 0.9956127177
45.41 1.242065927
47.469 1.684327758
49.729 1.653432477
53.229 1.006751907
56.608 1.007428258
60.54 0.9298937258
65.345 0.7948602282
68.238 1.156749935
70.645 1.430473417
78.413 1.019492273
93.76 0.5849249205
95.95 1.322807987
98.83 1.284510826
101.3 1.518692176
103.752 1.387211447
106.564 1.386808609
109.278 1.237173951
112.689 1.141731504
116.154 1.144398218
119.68 1.013313942
122.438 0.9968686368
126.151 0.9615020904
129.926 0.9125039838
133.82 0.9113795952
137.632 0.907655653
141.361 1.046571152
145.823 0.7483671792
150.82 0.7417759758
154.064 1.13458046
157.485 1.083634905
160.533 1.025563863
163.866 0.9692731615
166.219 0.9697482526
