0.552 1.256944029
4.871 1.869568268
8.083 1.524983362
10.895 2.104544671
12.635 1.501831817
14.827 2.149040749
17.518 1.979444873
20.804 1.907273244
21.964 2.992678603
23.257 2.708639428
27.306 2.02219577
31.277 2.126259718
35.056 2.252858166
38.631 2.40374888
41.698 2.495610625
44.873 2.613934377
48.327 2.491032214
51.579 2.415850369
55.079 2.448953749
58.537 2.409091479
61.752 2.569332668
65.084 2.4689541
70.987 1.429623239
75.572 1.706292931
79.246 2.234026638
82.629 2.358650647
86.435 2.392146641
89.248 2.677126332
95.604 1.261120488
101.412 1.461481653
105.101 2.189508633
108.872 2.179878664
112.824 2.082807556
116.723 2.228438043
120.133 2.582478143
123.037 2.818923221
125.958 2.504704055
129.08 2.599356732
133.138 2.122258602
136.873 2.178120838
140.435 2.226183991
143.742 2.512627424
147.501 2.136661376
151.794 1.973763818
155.552 2.170254778
159.077 2.410214463
162.786 2.038209617
167.856 1.684717946
170.692 1.914795111
