0.51 1.360635588
1.039 1.371334061
1.493 1.372609326
2.674 1.348081849
3.85 1.348777459
6.144 1.339772706
8.736 1.334997171
12.142 1.186714588
14.07 1.711024444
18.409 1.87730714
21.988 2.323200773
25.294 2.453838482
30.131 1.740086087
36.83 1.306312673
41.653 1.573376958
47.288 1.436397739
51.522 2.073232508
60.746 0.8562268379
63.169 1.55939175
65.421 1.556179465
67.627 1.568063275
69.908 1.618735274
72.239 1.615395619
74.997 1.211033172
77.986 1.163817223
80.814 1.250374811
84.257 1.270485493
86.533 1.271517866
89.517 1.248177647
96.354 1.195225084
101.899 1.434367882
107.021 1.595617196
113.54 1.268289133
120.075 1.318138542
122.51 1.592226975
125.005 1.594519896
126.88 1.532777101
133.954 1.166616509
140.854 1.16160503
143.925 1.152653914
146.79 1.152755447
149.798 1.323839829
151.648 1.89784538
153.615 1.903748747
158.598 1.617366053
164.526 1.437751814
166.91 3.452320028
171.648 1.727934466
175.754 1.321611991
