1.322 0.5266634637
2.528 0.5323854406
3.625 0.5302945305
4.83 0.5309021725
6.088 0.5277316436
7.12 0.53502362
8.319 0.5299289741
13.517 0.520555691
19.742 0.5210642772
26.176 0.5360893364
32.616 0.5477588056
39.342 0.5167338037
46.753 0.4819312081
48.033 0.5610709644
49.054 0.5662397242
50.044 0.5653580182
52.552 0.5576089022
55.302 0.525688294
60.045 0.5163114978
66.429 0.5464446975
75.116 0.386623202
77.082 0.3544717574
78.628 0.4159282968
79.648 0.5632833311
85.826 0.548735901
92.138 0.5432468345
99.481 0.5527357174
104.809 0.5541809054
111.511 0.550337186
112.632 0.558806002
113.965 0.5571368673
115.089 0.5563153504
117.7 0.5587541131
118.911 0.5671215417
121.717 0.5575136521
128.311 0.54251125
133.438 0.5624315893
140.272 0.5182149458
146.965 0.5109470531
153.399 0.5446765858
154.52 0.5610489363
155.724 0.5564244085
156.796 0.5626356405
159.932 0.544506157
162.779 0.5426294518
169.753 0.543025608
175.528 0.5435398276
181.413 0.5451427236
185.556 0.5550739437
