1.566 0.4440156844
2.948 0.4472202271
4.224 0.4465398579
5.644 0.4467947959
7.124 0.4411805903
8.308 0.4444188631
9.821 0.4162069899
20.219 0.3851058566
31.567 0.2827559782
32.743 0.4751347644
33.945 0.4818219161
35.459 0.4699156428
36.857 0.4557307012
41.033 0.1635599388
44.779 0.3487457954
47.415 0.533354541
51.386 0.3499777386
67.068 0.2136540269
68.414 0.4882304854
69.453 0.5752226728
70.811 0.5365789201
72.066 0.5217824268
75.333 0.4965953702
79.367 0.5097581229
83.128 0.3632870539
94.078 0.3166770148
103.299 0.4367034103
104.014 0.7128578829
104.942 0.7088792399
106.318 0.508098583
107.601 0.5047852133
111.583 0.407180006
114.922 0.4186404828
118.683 0.4249055583
126.092 0.5325939239
133.999 0.4523489835
141.093 0.391832759
142.759 0.3112532916
144.777 0.3083759946
145.727 0.6510080003
147.72 0.7542242987
151.65 0.3744040826
160.696 0.3689487884
173.142 0.2990617357
174.703 0.4261140984
177.051 0.2751302585
179.031 0.2778260508
180.949 0.2763391097
182.512 0.2974394449
