3.808 0.1820775141
7.191 0.1832498334
10.287 0.1825970286
13.692 0.183133502
17.291 0.1818022887
20.106 0.1829960025
23.448 0.1824067742
26.828 0.2025234073
29.746 0.2061744332
32.343 0.2131061608
34.921 0.2181045879
36.351 0.5126352466
37.605 0.5127947513
40.59 0.5705681333
46.075 0.5734994999
51.887 0.5968830633
63.671 0.3092878771
64.909 0.4833810499
66.794 0.3525331871
69.305 0.2280364904
72.231 0.2271420448
73.834 0.410493168
77.041 0.4826451612
82.151 0.2578776543
93.272 0.304480896
94.486 0.5040451676
95.81 0.5336024071
96.696 0.5534907257
99.079 0.6654747703
105.508 0.5689144671
120.833 0.2147573511
123.257 0.2621029369
125.428 0.2620895208
128.065 0.2465345875
131.068 0.2333113661
133.744 0.234922564
138.337 0.2698859549
144.221 0.2342614266
146.957 0.2103387811
149.862 0.2156605552
152.485 0.2243738306
155.336 0.2208551761
157.809 0.2350436096
160.565 0.2500741861
167.625 0.2192482716
170.796 0.2003303767
173.293 0.2258179954
174.708 0.3552294685
177.582 0.3506663025
