1.682 0.414614278
3.136 0.4172335789
4.506 0.4171763708
6.041 0.4171374212
7.616 0.4146977172
8.876 0.4179277031
10.33 0.4156002742
13.496 0.5366630848
19.15 0.5762469245
24.357 0.6636748306
27.923 0.9970897597
32.266 0.8055972709
36.384 0.8670490568
43.383 0.5536758535
48.763 0.5745777091
55.238 0.5363742992
58.121 0.4847109526
66.862 0.382464023
68.717 0.3527353277
70.348 0.3524060894
72.117 0.3541550481
73.801 0.3821648634
77.939 0.3760382552
87.155 0.3575177643
88.869 0.3411708455
90.637 0.3430768786
92.92 0.340860379
94.171 0.3758705201
95.241 0.5707858814
101.953 0.548952556
108.794 0.4815963842
116.674 0.4592200284
126.979 0.3216845694
129.055 0.3062742029
131.354 0.3073904127
133.494 0.3223977952
135.164 0.3274535051
139.462 0.3207476389
143.953 0.3208489751
146.902 0.5125899214
151.189 0.5102065891
155.552 0.9054045851
160.063 0.7416327164
165.344 0.6949614168
170.497 0.7039907174
174.554 0.9287905581
177.808 0.9701801947
181.064 1.00038107
183.794 0.8342740585
