0.489 1.42665799
1.02 1.435987528
2.05 1.403115554
3.123 1.406752077
4.302 1.405750611
6.493 1.435286367
8.834 1.517206244
11.408 1.579751418
16.112 1.663176632
20.959 1.700456499
25.749 1.707081649
30.712 1.596648273
35.592 1.71861702
40.902 1.630751408
45.788 1.562501081
50.977 1.580746495
57.333 1.412411134
59.744 1.416399439
62.546 1.344283558
65.229 1.31397486
67.786 1.342150476
70.021 1.683147289
72.258 1.677873641
74.272 1.65899187
76.378 1.616725764
81.37 1.643038218
86.733 1.674637519
91.073 1.722716334
95.603 1.809071449
100.573 1.65566453
105.665 1.557118857
110.508 1.666163775
115.455 1.684237645
120.735 1.629179852
126.309 1.617211256
130.002 2.221993255
132.351 3.187906813
136.208 2.102058747
140.281 1.998803115
144.61 1.903388858
148.911 1.868233969
153.392 1.854790479
157.748 1.862833874
161.996 2.06718765
165.938 2.066963364
170.245 1.973597908
174.037 1.958848609
178.182 1.969021859
181.012 1.977272668
