1.061 0.6533680071
3.438 0.6453404756
6.832 0.6456259017
10.44 0.655508258
13.476 0.8232074738
13.92 2.862188957
16.884 1.171954719
20.707 1.068428843
25.877 0.6274207515
29.27 1.013518927
32.947 0.9678285431
35.767 1.240461665
38.911 1.137214488
42.006 1.289379588
44.482 1.401916897
47.065 1.347143297
49.774 1.353833155
51.946 1.543835564
53.603 2.310645889
56.782 2.609718486
59.882 2.548619204
64.267 1.899953179
69.284 1.663624385
72.149 2.773893214
75.368 2.573265103
78.416 2.602432751
81.835 2.675899771
85.239 2.337580035
88.132 2.811619897
90.811 3.088964291
93.401 3.149173073
95.718 3.61177907
98.041 3.644913223
100.708 3.271518465
103.931 2.74780965
108.038 1.979333282
110.185 3.784266699
112.644 3.415059101
115.139 3.263670712
117.755 3.131742985
120.715 2.69791751
126.798 1.357246883
135.112 0.963009654
142.231 1.174986517
153.008 0.7397349465
160.291 1.196822335
165.895 1.3318883
171.863 1.371409408
174.868 1.805859934
