0.447 1.558147206
0.886 1.559846291
1.247 1.566924501
2.244 1.537542
4.809 1.484804289
8.083 0.9396576784
11.072 1.139830072
12.865 2.241272324
15.898 1.676405087
20.696 1.725548778
26.893 1.328852513
31.657 1.682164604
36.593 1.683413886
40.951 1.997074046
44.583 2.087123715
48.545 2.087195254
54.096 1.552185008
59.35 1.548859992
64.009 1.797284812
68.046 2.036627221
71.836 2.035749764
75.857 2.049544429
79.937 2.052464561
83.716 2.051603157
88.174 1.863907193
92.411 1.864901202
97.823 1.739360968
102.313 1.66484933
104.584 1.666728235
106.792 1.664988211
108.534 2.004225298
110.151 2.299371787
113.755 2.29707609
117.673 2.2013323
122.179 1.920822857
126.554 1.920234479
131.011 1.62367241
136.983 1.361715519
142.84 1.362383654
147.59 1.707188381
152.133 1.773998236
156.258 2.008859602
159.991 2.143042933
164.708 1.795579788
170.475 1.444720874
173.298 1.315424294
175.404 1.553556521
177.492 1.592412356
179.01 1.59449659
