0.755 0.9238195182
1.441 0.9348997963
2.08 0.9322919972
3.682 0.9157928849
5.389 0.9166840813
8.172 1.129512698
10.814 1.293470761
12.408 2.629759526
17.342 1.581307752
22.165 1.696523567
27.869 1.429156565
36.615 0.8989979587
38.396 2.093908007
41.04 1.651068509
42.855 1.750388794
45.068 1.594922556
47.182 1.737931783
49.09 1.751485962
54.715 1.501603526
60.386 1.440006215
65.158 1.634828565
70.869 1.431347329
75.766 1.703054889
80.934 1.484138454
86.676 1.436357229
91.548 1.618586223
96.65 1.83916331
98.907 3.338792057
101.502 3.184923622
104.706 2.598399271
108.78 1.981930406
111.964 2.614285112
115.342 2.445252315
120.754 1.592575924
125.816 1.714773741
132.173 1.313794694
137.011 1.490173468
143.273 1.296303674
145.894 2.05723245
149.142 1.108008868
151.799 1.236210835
152.849 2.546399379
154.085 1.894514831
157.576 1.048273688
159.951 1.527674931
160.923 3.992276792
166.794 1.260541251
171.605 1.712064927
175.898 1.277600475
