2.993 0.232783438
5.679 0.2343875957
8.019 0.2344384563
10.684 0.2338804473
13.517 0.2323955862
15.058 0.3484797762
16.377 0.4654723071
17.141 0.9044157194
19.79 0.8491107623
23.973 0.8383088736
31.653 0.4584651407
42.796 0.3082943391
46.214 0.1879656335
49.7 0.2042750732
52.286 0.2198061377
54.65 0.2400727002
58.801 0.3366352214
59.458 1.041335756
62.972 0.4374238069
73.797 0.3210956226
75.553 0.4133056798
77.054 0.417203433
78.453 0.4676003705
82.232 0.3471268424
88.79 0.2147093494
96.198 0.1968433007
99.642 0.2104534533
101.567 0.2341209355
103.17 0.3776316374
104.766 0.4155438936
107.641 0.4768951987
111.356 0.4128243088
114.689 1.007688976
123.025 0.4692409361
133.79 0.3592064055
134.868 0.6281139727
136.034 0.4541215121
137.161 0.4553577277
142.191 0.2847518423
147.239 0.3025593228
148.863 0.8356295221
150.494 0.9086553973
157.45 0.4856448769
173.216 0.2318168586
174.796 0.4317403443
177.365 0.2468415752
179.985 0.2073278312
182.259 0.2060264457
184.724 0.183079781
