0.455 1.529945446
0.893 1.539103654
1.882 1.510297992
2.29 1.545862208
3.424 1.517207548
5.489 1.506397623
7.765 1.565147705
13.314 1.54884286
18.238 1.584585073
23.202 1.650709101
28.211 1.649946671
32.864 1.718010378
37.586 1.759081034
42.564 1.743634076
47.035 1.685354758
52.117 1.66351153
57.172 1.717104666
61.78 1.677027478
66.901 1.623490762
69.009 1.721465059
71.033 1.722833157
73.112 1.776561963
75.216 1.794973496
77.126 1.792516023
79.081 1.786179374
83.505 1.781733822
88.631 1.775756524
92.924 1.740290901
97.807 1.656240006
102.688 1.685124753
107.583 1.647523788
112.623 1.627139573
117.598 1.668036424
122.898 1.703233482
127.928 1.746522349
132.691 1.704367128
137.049 1.684971982
141.886 1.673894224
144.04 1.669093707
146.171 1.681116903
148.064 1.722293736
150.321 1.724404662
152.359 1.694017176
154.58 1.673364372
159.336 1.673881386
164.309 1.706742962
168.701 1.702392583
173.574 1.683656372
176.798 1.672218371
