0.401 1.738395597
0.846 1.743081247
1.209 1.745701122
2.144 1.717664674
4.383 1.710916617
7.078 1.709390896
11.469 1.842772138
16.387 1.747770975
20.236 2.051965373
23.424 2.591093798
27.303 2.130927435
31.269 2.027581862
35.634 1.90021424
40.584 1.737192079
44.071 2.353116769
47.17 2.614788046
50.992 2.252536139
54.354 2.361486288
57.595 2.592693344
60.901 2.51245682
64.228 2.35774996
67.741 2.360262535
71.31 2.35889875
74.824 2.359057183
78.403 2.327350784
84.083 1.405117557
89.955 1.554290291
93.649 2.01686174
97.103 2.340116295
100.341 2.572656102
103.393 2.633278389
107.614 1.946225408
112.999 1.598984886
117.595 1.897378543
123.667 1.441020203
128.649 1.616937103
135.809 1.006045542
139.498 1.558353035
141.068 2.326162943
142.554 2.393789559
145.602 2.61952111
149.032 2.594456286
152.143 2.602316889
155.446 2.549978463
158.491 2.649704292
161.816 2.603993002
164.869 2.463611016
168.252 2.399248126
170.333 2.630835907
