2.004 0.3462549346
3.826 0.348406366
5.46 0.3493747041
7.233 0.348284618
9.12 0.3460141454
11.926 0.4481642315
16.065 0.8349523704
21.364 0.7522195441
28.531 0.4495166954
34.03 0.6276481688
39.299 0.6776113002
42.027 1.308477776
46.15 0.8722023944
47.544 1.418655798
49.942 1.4301258
51.8 1.919434468
53.651 2.065353739
55.153 2.279962003
56.434 2.984506063
61.2 1.708684691
65.846 1.673409654
69.38 2.330368594
72.713 2.502490103
75.658 2.667803965
78.324 3.111741006
80.857 3.194908261
84.266 2.651218756
86.83 3.14956039
88.814 4.157075701
91.193 3.518287125
94.475 2.480383714
98.659 1.926049976
102.099 2.402011779
106.03 2.224940625
111.255 1.667798202
115.098 2.106930989
118.285 2.476902969
122.267 2.069384258
132.401 0.7870349203
143.354 0.7378512681
157.629 0.5543039227
161.724 0.9548356393
164.204 1.378159458
168.287 0.913703371
170.914 1.42513822
172.778 2.064970755
174.305 2.064144235
174.971 2.07894618
176.017 2.212027543
