1.013 0.6865338958
1.972 0.6922284377
5.165 0.6790630488
7.321 0.6824502641
11.74 0.5631869313
15.314 0.5608197945
18.444 0.6937799695
24.683 0.6421356486
29.689 0.6404682656
31.892 0.6544471475
34.04 0.6533338538
36.588 0.6629811845
42.476 0.6127267343
50.468 0.4872039641
55.26 0.6506661347
58.416 0.7085846757
59.261 0.7332460057
60.105 0.7238225282
62.346 0.7129842675
67.261 0.7115436442
71.961 0.7161420485
77.454 0.6548330126
83.878 0.5675783155
89.259 0.6112075312
91.553 0.6027522708
96.797 0.6524220938
99.17 0.7067183502
99.806 0.7190566471
102.189 0.6598726344
106.469 0.5770151438
111.958 0.5989766239
117.704 0.6266955056
123.431 0.5880885823
129.727 0.6221422234
135.696 0.6508472133
137.893 0.6599954846
138.763 0.6669523025
139.524 0.6665858066
145.111 0.6382014268
147.821 0.5625986943
151.74 0.5547708058
158.572 0.56634859
165.704 0.4665379882
167.257 0.4555367015
168.895 0.4558139071
170.344 0.4583386293
173.743 0.3747416078
183.462 0.3342747111
186.779 0.6866558989
