0.486 1.435744984
0.922 1.443149561
1.376 1.449077812
2.418 1.419387575
5.2 1.382900525
8.59 0.9089855089
13.069 0.7775156653
16.012 1.363040529
18.439 1.3655787
21.044 1.342552323
24.0 1.211714627
26.735 1.303479771
29.817 1.252918274
32.774 1.347045761
35.076 1.349902312
37.66 1.347672003
40.377 1.349261111
46.11 1.345628231
52.356 1.344891077
58.38 1.344440192
64.033 1.350042592
70.094 1.354022494
72.904 1.340549826
75.433 1.344201764
78.012 1.33981365
80.63 1.341465014
83.702 1.341115296
85.91 1.344245294
88.707 1.342659369
91.514 1.343826102
97.478 1.340896621
103.478 1.339804679
109.633 1.332138929
116.212 1.309010158
124.085 1.105351191
127.024 1.251740752
129.158 1.32655709
131.85 1.324938934
134.532 1.291029319
137.327 1.275394142
139.923 1.274194967
142.963 1.292426681
145.522 1.314941135
148.561 1.315958542
151.33 1.313372962
157.775 1.314283351
163.461 1.292250172
169.653 1.305731876
173.754 1.319976333
