0.303 2.292325042
0.658 2.324108329
0.933 2.301853692
1.635 2.271927077
3.348 2.26346539
6.577 2.280443091
10.216 2.223683198
14.389 2.0873893
18.24 2.047569089
21.946 2.219105084
25.65 2.220472038
29.291 2.183244903
33.112 2.219396865
37.271 2.186976694
40.664 2.222037581
44.243 2.265557724
48.182 2.199028955
51.842 2.168316309
55.502 2.298364217
59.217 2.222852487
64.317 1.515629119
69.249 1.672665391
73.223 2.220102719
76.704 2.238222343
80.408 2.260725678
84.054 2.208324914
88.154 2.203448625
91.455 2.259108762
95.062 2.234106525
98.648 2.274608913
102.201 2.250955324
106.08 2.232259095
109.705 2.265784255
113.505 2.30139286
117.508 2.201630507
121.152 2.251477638
124.53 2.150876886
128.336 2.143231349
132.116 2.141728864
135.946 2.136155437
139.765 2.201809714
143.424 2.247189461
147.113 2.190018625
151.228 2.054837014
155.897 1.724273103
161.751 1.455279266
165.89 1.790562646
169.681 2.182976032
172.262 2.089617705
