0.699 0.9915482219
1.395 1.002951428
2.041 1.000421028
2.699 1.000263782
4.384 0.9844774377
7.467 0.9788615303
10.251 1.231967031
11.46 3.427140999
14.485 2.565645295
24.286 0.8345744814
27.793 1.03640578
30.42 1.366096893
35.322 0.7380455299
37.609 1.918032322
42.81 1.462336828
56.17 0.6055881549
58.538 1.545907506
60.727 1.028017961
65.037 0.8720453271
66.818 0.7719107812
68.915 0.7227451708
72.097 0.4864176822
75.392 0.4757326748
77.981 1.334821045
81.818 0.878757019
85.874 0.8537522459
88.768 1.403634866
91.642 1.001500933
93.654 1.862309315
95.663 1.860417376
99.938 1.859114473
105.25 1.525249199
111.205 1.384175606
117.454 1.385333552
120.16 3.246655577
122.629 3.288550018
124.752 3.491888147
126.849 3.909849847
129.13 3.904204216
131.716 3.186751645
134.609 2.801016501
137.604 2.802979334
140.186 3.18516026
142.742 3.388456603
145.041 3.54124906
147.127 4.1346925
148.971 4.130663771
151.075 4.268310963
152.321 4.392672475
