1.773 0.3931603996
3.314 0.3939434812
4.762 0.3944040443
6.317 0.393568731
8.001 0.3909626067
9.333 0.39508052
10.895 0.3940591404
12.695 0.3923891016
21.027 0.3888024659
27.511 0.5323950638
34.903 0.4801918541
41.732 0.5106254735
44.119 0.628923443
45.195 0.6873551794
45.99 0.7752091463
47.764 0.829590437
50.694 0.7988599577
67.947 0.1924271418
68.899 0.6982638043
69.769 0.6987038065
77.545 0.4292032906
79.706 0.3130694561
81.668 0.3387504906
83.087 0.3852705402
84.579 0.4110492114
87.739 0.47156951
96.079 0.4852260114
101.179 0.5683648987
117.841 0.219380805
120.032 0.2745594621
122.485 0.2729840781
124.817 0.2729730028
126.212 0.4351112208
127.728 0.4383232103
131.135 0.4531915349
132.619 0.4325992234
134.918 0.5508511764
141.998 0.5004607354
147.511 0.62882135
167.198 0.1768105278
170.999 0.155126552
175.15 0.153819931
178.375 0.1780257795
182.186 0.1755038716
186.098 0.1698863427
189.902 0.1667269335
193.232 0.1668224917
195.986 0.1721988041
198.793 0.1719246524
