0.29 2.397999601
1.038 2.358724568
1.662 2.355410587
2.315 2.362502243
3.987 2.354004006
7.184 2.348670982
10.811 2.292935046
17.031 1.393755846
21.445 1.764917585
26.727 1.54631393
32.68 1.37847207
35.147 2.422315358
39.012 2.161037757
44.108 1.759950053
47.345 2.380146828
50.867 2.316019958
54.641 2.283947209
58.217 2.185014695
62.091 2.184692144
65.953 2.144419841
69.648 2.085552328
73.879 1.941880665
77.687 2.36972249
80.643 2.68191933
83.734 2.691625079
86.726 2.684511535
90.737 2.268519918
93.972 2.322040566
97.327 2.393012233
100.717 2.434182323
103.926 2.520146198
107.37 2.520269811
111.027 2.253878862
114.916 2.234878615
118.853 2.233712554
122.741 2.080546254
126.695 1.838072397
131.364 1.754794208
135.893 1.771706958
140.484 1.784267517
144.385 2.187683738
148.675 1.95191859
152.562 2.103071443
156.196 2.299242419
160.245 2.010701578
164.209 2.143168388
167.605 2.214557443
171.028 2.415879442
173.315 2.418460038
