0.939 0.7431163597
1.802 0.7496152511
2.627 0.7474409977
3.505 0.7489021578
4.444 0.7432113123
8.994 0.6682337964
14.05 0.6854289504
19.697 0.7081937683
24.21 0.7235947353
29.088 0.7145979572
34.152 0.7106722296
39.032 0.7103476352
44.014 0.7212683327
49.659 0.7212806301
51.472 0.7213700427
52.224 0.7370713418
54.224 0.7093893381
57.384 0.7107951989
58.274 0.7306061895
63.189 0.7070049913
68.001 0.7110750057
73.126 0.7113361214
78.509 0.707409987
83.231 0.7071822675
88.021 0.7124904926
92.878 0.709423182
98.531 0.7151018344
102.58 0.7139814247
107.725 0.7106180279
109.931 0.710080618
111.908 0.7102586275
114.112 0.7162372688
116.133 0.7213700192
118.351 0.725027709
123.822 0.7078204857
128.903 0.7060391735
132.85 0.7090697417
137.843 0.7103182279
142.678 0.7114112305
147.579 0.7138419679
152.155 0.7059766941
157.623 0.7070954577
162.592 0.7045431555
167.833 0.7103595816
172.967 0.7084649384
175.066 0.7187500542
176.837 0.7201174989
178.562 0.7159116134
179.955 0.7196213237
