0.365 1.904889824
1.203 1.880402729
2.004 1.882968926
2.865 1.88374351
3.72 1.885298541
5.395 1.879908201
9.793 1.874625709
14.113 2.026798889
17.766 2.150062705
22.138 1.86386373
27.088 1.657727843
32.2 1.56846836
36.435 1.993312294
40.366 2.193210626
44.129 2.11433678
47.884 2.178634285
51.685 2.316246707
57.32 1.389815225
64.264 1.206238463
69.56 1.529508985
74.366 1.595969577
78.793 1.847068331
83.107 1.969309419
87.085 2.063294789
92.051 1.680250153
94.171 1.638191597
95.177 1.641197744
95.84 1.647537497
97.359 1.607879537
102.581 1.556126221
107.528 1.599905555
112.401 1.668948256
116.985 1.903766869
121.201 2.078677422
126.094 1.794722422
130.327 1.938437966
133.709 2.164568433
137.411 2.217607784
140.998 2.274934701
144.918 2.096326909
148.814 2.060653232
152.787 2.204513589
156.452 2.22772428
160.073 2.315366139
163.634 2.242925058
167.548 2.176664116
170.876 2.232859571
174.448 2.264375138
177.325 1.893716046
