0.465 1.496097096
0.904 1.499230502
1.904 1.472796236
4.042 0.7012950445
8.216 0.3772455435
14.028 0.5279331145
20.169 0.5573718124
21.441 0.5388810328
22.578 0.5426798488
25.098 0.5501304599
27.156 0.6832316068
30.936 0.9200620219
35.369 0.8085292168
39.584 0.9703611799
43.016 0.8999348748
47.419 0.8000625031
51.976 0.8064097017
55.731 0.8884965196
60.039 0.8716315452
64.057 0.8754252886
67.342 1.030274566
71.289 0.9181198776
75.021 1.05530974
82.302 0.4527463194
89.5 0.4713738963
92.651 1.124377749
96.368 1.099250692
101.694 0.5353505367
102.805 3.643974822
105.573 1.367108964
108.977 0.968938028
111.47 0.6085236133
116.602 0.4305810435
121.467 0.3267252527
126.322 0.8028119602
133.965 0.4660383342
137.428 0.7958563816
143.031 0.634535458
143.893 0.7125819795
145.747 0.9454732773
147.805 1.17410013
151.007 0.7744161694
155.587 0.7716660638
160.216 0.8070469739
165.144 0.7402201629
170.496 0.6957968123
178.224 0.4070641444
182.933 0.6875298599
185.807 0.8015515423
