1.596 0.4374100177
3.065 0.4404132221
4.325 0.4401175418
5.766 0.4406649892
7.236 0.4367434292
8.418 0.4410805055
9.846 0.4392939724
19.129 0.4303086385
29.887 0.2984232662
31.36 0.4026628471
32.775 0.4012129264
34.407 0.4224114432
36.096 0.3877553048
38.053 0.3730042329
41.536 0.3728043813
45.778 0.33038746
57.035 0.3218276971
58.48 0.4225027427
60.006 0.4216383904
73.123 0.2649837478
75.013 0.3697861032
76.807 0.3577119014
78.76 0.3412148199
83.008 0.3082225325
89.636 0.2081979461
91.813 0.2875918184
93.606 0.4090736712
96.352 0.3983825725
98.137 0.3423347318
100.053 0.3428172876
108.734 0.3793611873
121.838 0.2732838149
124.573 0.2097949046
127.602 0.2099289685
129.965 0.3101056233
131.897 0.3253960242
133.567 0.327234619
138.974 0.2536101923
144.033 0.2855028615
148.484 0.3379517273
150.605 0.285916367
152.902 0.2841204389
154.961 0.2869979888
157.826 0.2333236764
165.372 0.2017525218
175.902 0.1431459602
179.744 0.1439160832
182.849 0.1536395329
185.452 0.1834013968
