2.004 0.3466098859
3.827 0.348406366
5.186 0.4288696904
6.216 0.5893501181
7.779 0.4230667038
9.183 0.355064806
15.011 0.0992003438
22.125 0.09700828674
23.249 0.5544889058
24.326 0.5253012776
32.423 0.4385643831
39.842 0.4682368331
42.999 0.4722609488
44.563 0.4709835138
45.775 0.4618267255
46.982 0.4577186802
48.206 0.4593830397
52.701 0.3192110925
56.695 0.3959776142
62.603 0.595295263
69.165 0.5152973627
75.167 0.3882232321
79.728 0.334396435
83.524 0.350648557
86.492 0.4715437807
88.217 0.89844191
91.368 0.852063886
94.443 0.9976040422
98.512 0.9082497486
104.278 0.6413985334
108.41 0.7962865706
117.247 0.4076039081
126.002 0.3814739147
127.562 0.4305625303
129.425 0.3772834817
131.137 0.377187021
134.081 0.4230412151
136.9 0.4888749
139.774 0.5152850987
143.559 0.3906431256
150.111 0.3283020135
160.498 0.3722935951
162.163 0.3617750937
164.152 0.3414705056
166.725 0.2568310688
169.218 0.2578526979
171.305 0.2676492724
175.037 0.3281931891
178.073 0.3280699556
