0.904 0.7710785489
1.766 0.7767825153
2.495 0.7741353191
3.371 0.7770866476
5.441 0.763903401
6.126 0.7829178972
6.966 0.772633572
10.653 1.089077661
13.855 1.01349499
17.505 0.9476839928
21.599 0.87723882
27.517 0.5891764571
33.099 0.6458744303
37.74 0.8542532612
40.958 0.9748576826
45.846 0.740217345
51.367 0.662084489
55.101 0.8957436364
59.392 0.8801933309
63.328 0.9032713612
67.296 0.8560799759
72.421 0.7109091489
77.594 0.7106210447
82.169 0.7316885837
86.796 0.7620705976
90.274 1.006499437
93.927 1.108685015
97.153 0.9004555004
101.709 0.8073331098
106.705 0.7445485744
110.426 0.9007067391
114.472 0.9006164483
118.12 0.9142237944
122.688 0.9008328334
127.251 0.8613333466
132.603 0.6647354809
138.125 0.5038057771
140.517 0.5919431558
141.167 2.512935008
142.701 2.318432487
147.104 0.7439731098
153.309 0.6272883691
158.568 0.6657022263
167.186 0.4235251188
169.077 0.3635309277
170.533 0.4361772011
170.997 1.34954554
172.006 1.318699496
173.232 1.315317576
