0.36 1.937638646
0.71 1.929009913
1.495 1.910538017
2.357 1.906469638
4.365 1.901310928
5.977 1.901502552
7.78 1.902936645
9.818 1.964461798
13.207 2.316855448
17.123 2.114984557
22.592 1.501623085
29.065 1.23194443
35.691 1.249760734
42.374 1.291167019
48.238 1.28036048
54.535 1.286801832
57.369 1.303763909
59.941 1.303737671
62.831 1.303273133
65.504 1.327170436
68.092 1.33674076
70.84 1.351511573
73.625 1.329168266
76.25 1.282691939
79.12 1.277794732
81.856 1.27545803
85.011 1.291796862
87.283 1.299044969
90.102 1.298337638
92.968 1.317008092
98.982 1.317742832
104.906 1.355949644
111.417 1.272447458
118.2 1.272202813
121.186 1.330278166
124.061 1.278169934
127.149 0.8951742133
131.122 0.8951831
135.0 0.8953416573
137.948 1.224847736
140.437 1.317298922
143.417 1.313803828
146.249 1.29632616
149.103 1.298041514
151.952 1.302344273
154.692 1.3630348
160.207 1.353135266
166.478 1.301491799
170.5 1.337187659
