0.391 1.779568125
2.558 1.744491648
3.971 2.406042685
5.368 2.54879518
6.044 2.410806954
7.353 2.402947176
8.815 2.392185982
12.848 2.172567134
16.776 1.977145844
20.802 2.021208939
23.901 2.699411916
26.79 2.813087497
29.75 2.89279359
32.63 3.005539704
35.801 2.413257897
39.12 2.652030804
42.259 2.79057639
44.946 2.902865297
48.824 2.163520428
53.437 1.772095124
58.025 1.681569009
63.055 1.638142552
68.331 1.583599525
74.129 1.330168177
80.15 1.415855699
87.006 1.153952276
94.164 1.265910817
99.311 1.44169146
104.777 1.480517358
110.236 1.485484581
111.973 1.961865464
113.704 2.094530997
115.382 2.092892488
117.235 2.110170062
119.125 2.103951521
120.788 2.226463418
124.037 2.282170425
127.488 2.365360745
132.107 1.765009378
137.238 1.588303396
142.465 1.52258711
147.553 1.612909307
151.942 1.822402938
156.918 1.682829824
160.921 2.125892389
165.386 1.910865205
168.929 2.136091426
172.374 2.387101843
175.269 1.934241706
