0.333 2.093609558
0.687 2.119791113
0.955 2.114711116
1.698 2.070198472
2.986 2.068536667
4.553 2.067768562
8.387 2.12533704
12.263 2.269820339
14.762 3.115575786
17.365 3.154286977
20.887 2.321866367
24.704 2.116477197
28.687 2.119243576
32.62 2.221417272
35.42 2.961246589
40.802 1.512368907
44.568 2.330826256
48.438 2.000695095
52.699 1.971907614
58.067 1.532138011
62.192 1.861899232
71.167 0.915182059
77.431 1.330845921
81.687 1.908923249
86.852 1.614547636
91.421 1.739773416
94.932 2.60243757
99.01 1.833831537
103.885 1.664573289
108.059 1.99105638
111.073 2.654622084
114.673 2.242283273
119.199 1.897561342
123.072 2.26282203
126.042 2.926749862
128.611 3.189893517
130.651 3.675198796
133.079 3.366128629
138.521 1.468500864
144.056 1.468508622
148.057 1.992086919
152.186 2.092669866
155.57 2.422598872
158.951 2.469862443
162.482 2.275861763
166.272 2.221806313
170.116 1.916645354
174.848 1.729798875
178.024 1.714695944
