0.283 2.45903959
0.539 2.483703751
1.145 2.425459973
1.795 2.431156154
2.538 2.437679006
6.103 2.066427259
9.517 2.423821402
13.196 2.373540187
16.641 2.292540623
20.56 2.094125639
25.089 1.806241888
29.297 1.914414502
33.274 2.125821673
38.217 1.794275982
42.557 1.756388076
46.968 1.837613265
51.173 2.045350418
54.825 2.119718185
58.729 2.161821773
62.891 1.965280408
66.444 2.207518001
70.365 2.09950739
74.717 2.007585598
78.566 2.024831238
82.527 2.075023212
86.385 2.074912598
90.805 2.074196052
94.308 2.157448867
98.103 2.148272346
101.985 2.131279042
105.796 2.131327546
110.206 1.947648782
114.455 1.966230631
118.64 2.059053016
123.074 1.967489651
127.338 1.886171663
131.618 1.696984615
136.506 1.666560241
141.833 1.521419814
147.096 1.540191563
152.407 1.567628663
157.072 1.783546332
161.179 1.94022299
165.484 1.977073122
169.728 1.920327479
174.177 1.913052551
178.196 1.830552627
182.7 1.826358621
185.52 1.971424911
