0.391 1.774897342
0.839 1.775162497
1.656 1.753894443
2.521 1.755835
3.481 1.751558828
5.221 1.743507606
7.281 1.707145394
13.487 1.402475425
19.473 1.305605017
25.867 1.270456005
33.128 1.121945419
36.531 1.028794103
39.319 1.304427137
42.542 1.312647248
44.953 1.307176576
47.783 1.241905339
48.989 1.250852402
51.767 1.242286989
54.53 1.353195935
56.775 1.587820822
59.462 1.251964449
62.71 1.112785445
66.728 0.9679346327
70.101 0.9904429077
73.502 1.019272331
76.906 1.025489992
80.494 1.152726043
83.063 1.153466923
89.597 1.225689193
97.069 1.094918518
104.46 1.071182337
107.863 1.124202039
111.797 0.8491410584
116.876 0.7778348541
119.507 1.470172596
122.354 1.28237137
125.084 1.017441911
129.429 0.8298583528
133.231 0.9125039838
135.575 1.531601638
137.727 1.657908924
140.114 1.655518327
145.561 1.475570597
151.86 1.322165671
158.484 1.20415416
165.291 1.25261783
169.897 1.627566314
175.419 1.483324942
179.075 1.498371561
