1.496 0.4641289549
2.872 0.470108021
4.059 0.4669828855
5.376 0.4692795989
6.753 0.4662169121
7.853 0.4683457012
9.172 0.4662335046
10.634 0.4655559679
16.02 0.6026290501
20.96 0.7045269393
26.227 0.6716228045
31.003 0.7299486715
35.798 0.7540041251
41.344 0.7122196504
45.625 0.728008298
50.387 0.7368816016
56.077 0.670104521
60.526 0.7492711154
65.314 0.7831863064
69.542 0.8343963715
73.98 0.7606545474
81.357 0.484605009
83.694 0.6625674044
84.584 0.6772811481
86.412 0.7495592349
91.384 0.2991001022
96.101 0.3463275362
96.924 0.5992138726
98.472 0.3984356118
107.357 0.4125098648
117.608 0.3205573959
118.841 0.646578437
119.66 0.7301320621
120.542 0.747791258
121.491 0.7675917096
123.348 0.787860039
126.963 0.7661719955
132.081 0.717471042
136.996 0.6957420247
141.755 0.7484150708
146.286 0.7169134682
152.013 0.6830273572
156.819 0.7033406069
162.044 0.7081379722
166.841 0.7576722525
171.784 0.7520966162
176.273 0.7435091242
180.648 0.7292562494
183.655 0.7615424739
