0.63 1.108583422
1.24 1.123695095
1.782 1.116349645
5.641 0.9092349489
9.746 0.9225071681
13.069 0.917098953
16.641 0.9563310228
21.393 0.844857419
25.222 0.8573619782
28.918 0.9442618006
33.467 0.7859255165
37.332 0.9421617999
41.427 0.8787308554
45.165 1.057680375
48.562 0.9131098999
52.4 0.9084307575
56.302 0.9510131869
59.809 0.9727030099
63.554 1.011543767
66.915 1.041856961
70.593 0.9794606694
74.638 0.9066404507
78.762 0.8917079826
82.51 0.8819159387
86.238 0.9242267375
90.096 0.892651686
94.836 0.8686703411
98.341 0.8246276688
103.111 0.7723515471
106.99 1.01444223
111.599 0.7282782354
115.113 1.045723134
119.025 0.8674887703
122.723 1.068255302
126.223 1.119884994
129.365 1.15194646
131.846 1.115377496
136.255 0.8068440236
140.089 0.9446379978
144.303 0.8467269331
148.276 0.8291697188
152.646 0.8817434569
155.583 1.149828191
158.771 1.147919476
161.942 1.141478709
165.685 0.9961639664
168.909 0.9698756811
172.514 0.953710763
174.931 0.9642907949
