0.54 1.290526503
1.057 1.303385076
1.514 1.300547336
2.738 1.275539328
4.725 1.272112126
6.766 1.531168807
9.444 1.280683598
14.764 0.7520761276
19.501 0.6794258555
25.04 0.6300912849
28.892 0.9270211343
32.876 0.8849870434
38.243 0.6643941272
41.431 1.318483231
44.248 1.117432846
46.969 1.29628851
49.803 1.289734885
53.344 0.9599490369
57.636 0.8726667371
61.662 0.8725353626
65.611 0.8534363938
72.101 0.5568286987
80.935 0.4235140948
88.341 0.4488093949
89.506 0.5115963944
92.032 0.5909417082
94.825 0.5887568115
96.674 0.5950495451
98.644 0.7752902321
100.644 0.7755070987
103.154 0.8727511181
107.658 0.8359383187
110.295 1.275027066
114.219 1.012371284
118.127 1.007010042
119.21 3.500630917
120.085 3.498687345
126.781 1.196856943
136.161 0.8497213544
146.522 0.775632809
150.747 0.8118821732
155.691 0.7832084445
159.467 0.9046535194
163.621 0.8829719391
168.071 0.8213495199
170.938 1.297667234
173.204 1.412259561
175.546 1.410483525
178.194 0.8640464454
