0.685 1.0153692
1.289 1.024253051
2.786 0.9608965136
4.55 0.8249572797
8.757 0.898365958
11.936 0.9562434205
15.42 0.9915213018
19.387 1.020869381
22.602 1.030282338
26.016 1.031041093
29.512 1.029386542
32.932 1.030036233
36.628 1.029509871
40.445 1.034409704
43.463 1.038104224
46.835 1.035857696
50.389 1.035949542
53.718 1.032125656
57.383 1.030843705
60.741 1.034018735
64.022 1.03574448
67.75 1.031685228
71.411 1.002147741
74.843 0.980290644
78.329 0.9800925555
81.772 1.004698901
85.731 1.023663158
88.549 1.035325487
92.125 1.031490022
95.783 1.018427133
99.277 0.9947486858
102.928 0.9842611698
106.221 1.027823879
110.041 1.034119324
113.836 1.02678721
117.329 1.029959757
124.509 1.007749261
132.525 1.010733043
140.306 1.032420288
148.318 1.010610567
151.486 1.041125721
155.317 1.003331239
158.752 0.9899571846
162.468 0.9939187561
166.003 1.024740294
169.629 1.040721728
172.689 1.040061905
175.963 1.001654225
178.39 1.021794374
