0.256 2.737797115
0.858 2.702436709
1.391 2.707256152
2.036 2.693610512
2.672 2.709491001
5.393 2.691823806
8.476 2.704844173
12.302 2.306698005
16.058 2.094117496
19.982 2.082773899
25.026 1.644576625
31.337 1.256084684
37.066 1.455619304
44.098 1.245929605
46.739 1.21469747
48.794 1.120231716
52.597 0.9776456932
56.62 0.8451885825
60.253 1.040772511
63.926 0.9528686239
67.745 0.8900842261
71.942 0.86240872
76.184 0.9051575751
79.776 0.9403192788
83.521 0.9027447106
87.483 0.872091127
92.545 0.8141025152
95.912 0.8566909561
99.908 0.9309151012
103.43 1.064108561
105.924 1.348070211
109.038 1.252285728
111.729 1.260382804
114.755 1.310330168
117.472 1.435879631
119.779 1.549484912
121.583 1.622670672
126.285 1.708990851
131.834 1.464166606
137.294 1.48462207
142.914 1.426231352
148.463 1.492622537
153.124 1.711367546
157.971 1.735915938
162.397 1.800881272
166.36 2.283742428
169.581 2.300457969
172.108 3.342738944
173.99 2.992538936
