0.775 0.895676672
1.465 0.9028127518
2.099 0.9015926073
2.865 0.9019539249
4.65 0.8890025643
6.918 0.8849515824
10.845 0.8828827948
15.395 0.8820749753
19.248 0.851607871
23.364 0.8416297307
27.732 0.8114662715
32.263 0.7691030064
36.972 0.7583878701
41.39 0.8822070865
45.509 0.8046811045
50.293 0.7360918035
54.763 0.8294765536
58.646 0.8622206476
62.849 0.8895706933
66.86 0.8725353626
70.771 0.8618643
77.08 0.5675916815
84.13 0.5151977155
93.8 0.3470249804
95.529 0.3510439568
97.276 0.35697962
99.292 0.3520332218
100.555 0.379667192
102.305 0.8828290076
104.116 0.8804663928
105.73 0.8835843402
109.824 0.8875575098
113.819 0.8880819756
118.339 0.87266267
123.253 0.7906708222
128.159 0.7266417239
133.12 0.5539290484
140.326 0.4929004786
145.836 0.627420597
150.219 0.8059184406
153.979 0.874351749
158.737 0.8427627559
162.917 0.8056103188
167.273 0.8530336393
171.391 0.8768733936
175.707 0.873072004
179.369 0.8721490037
183.057 0.8667949418
186.087 0.7522835988
