0.433 1.610085446
0.874 1.607508261
1.234 1.615586753
2.213 1.587306195
3.843 1.586193369
5.795 1.583238309
8.037 1.585034288
10.607 1.58165168
15.217 1.697518423
19.878 1.766345465
24.876 1.628674192
29.849 1.583714711
35.045 1.602032474
40.286 1.635478223
45.311 1.523566209
50.191 1.675697153
56.145 1.509275056
59.144 1.124418121
62.481 1.124901091
64.133 1.356640791
66.624 1.37783707
69.293 1.377713814
71.718 1.561455695
73.622 1.796477385
75.569 1.796748483
80.274 1.751055489
85.266 1.798334256
89.453 1.77181791
94.165 1.707530019
98.98 1.688659732
103.428 1.78158114
107.996 1.781327826
113.234 1.591180392
121.25 1.072358549
126.752 1.637572939
131.748 1.615626781
136.4 1.555754087
140.816 1.856338191
145.278 1.817551447
150.093 1.669346062
155.342 1.529714492
158.383 1.284155846
161.038 1.257747968
163.998 1.256619447
166.948 1.257800058
169.828 1.298589856
172.29 1.299421329
174.843 1.297691356
176.626 1.301877111
