0.358 1.943206573
0.716 1.948494862
2.519 1.911592461
4.427 1.910544323
7.383 1.908501298
11.284 1.86619206
16.152 1.693452767
20.868 1.830390144
24.716 2.008306535
29.085 1.888290682
33.469 1.898271587
37.504 1.959013838
40.344 3.008208854
43.268 3.177026954
45.592 3.263070936
48.069 3.394014835
50.548 3.487649116
54.213 2.12501013
58.247 2.098125729
62.064 2.136993773
65.739 2.091300819
69.913 1.974561096
74.833 1.785098795
79.4 1.695260044
83.847 1.876376238
87.905 1.961603243
90.536 3.527611338
93.455 2.575606092
97.567 1.957114762
101.486 2.076306666
105.306 2.126714283
109.696 1.952408432
113.829 2.027369643
117.707 2.23899658
121.892 2.102929286
126.044 1.978842132
129.523 2.094108874
133.445 2.083417641
137.634 1.925581555
141.69 2.005731877
145.463 2.266063624
149.41 2.085687138
153.449 2.004273013
157.38 2.133991801
161.1 2.14318544
164.91 2.260268743
168.206 2.282463147
171.645 2.403564614
173.653 2.744572509
