0.57 1.220642396
1.088 1.226065623
1.651 1.212631549
2.902 1.203237183
6.114 1.197531107
8.704 1.196168004
11.626 1.197794403
15.03 1.192454441
17.795 1.18278871
20.538 1.296963938
23.027 1.448734645
25.538 1.408382187
28.507 1.303461609
31.337 1.416848573
33.168 1.741412442
39.424 1.289080824
45.144 1.513297644
50.223 1.528769012
55.447 1.607066341
60.25 1.693534859
64.418 1.846942398
68.531 2.013855844
74.074 1.512579594
84.492 0.7463670658
90.675 0.8534253611
92.964 1.497671162
95.689 1.498155732
97.839 1.390644294
100.665 1.314849927
103.47 1.319401781
105.681 1.499930382
107.79 1.705201748
109.843 1.704878241
112.469 1.626979452
114.895 1.601581225
120.215 1.533897633
125.058 1.505885968
129.284 1.914168041
134.056 1.710982361
138.829 1.694145346
143.092 1.876727974
148.565 1.517996841
153.751 1.537364068
159.218 1.583403086
164.07 1.662964002
169.213 1.638152037
173.837 1.613169442
178.325 1.817661675
181.14 1.95480366
