0.741 0.9405227919
2.423 0.9319332622
6.025 0.9341916805
9.746 0.9581725186
13.742 0.9448410573
16.834 0.9882767822
18.241 0.9914621488
22.24 1.006285533
25.419 1.023633211
28.841 1.023898338
32.333 1.024259214
35.94 1.02477779
39.458 1.024419217
43.299 1.021256945
46.435 1.012650376
49.927 1.007294885
53.589 1.007503743
57.331 0.9123636374
61.285 0.9510553878
66.29 0.6917745637
70.775 0.7976079429
74.354 1.004842739
78.01 1.002705885
81.326 1.013914582
84.698 1.018029695
88.132 1.017746939
92.156 1.017938554
94.987 1.018868001
98.571 1.018425837
102.458 0.9952493283
105.814 0.9856945412
109.475 0.9980967218
112.753 1.017342362
116.604 1.01691586
120.481 1.013966009
123.986 1.012437373
126.695 1.012881095
133.238 0.5439722795
136.999 0.9681795348
140.583 1.000410319
143.746 1.021148893
147.712 0.9803699428
151.401 0.9200551004
155.418 0.9298854892
159.23 0.9617473618
163.184 0.9453761037
166.346 0.9888076544
169.796 0.9878252993
172.091 1.026030279
