0.443 1.572641598
0.884 1.57684734
1.343 1.576421013
1.78 1.579651546
4.212 1.54933402
6.238 1.549482318
8.426 1.593281865
11.773 1.209270168
14.939 1.015441524
18.866 0.883405011
22.886 0.8838929703
27.852 0.7065238177
32.974 0.7269253392
38.35 0.7241256514
43.177 0.643812689
47.342 0.8330587732
52.968 0.6490579169
58.57 0.5950054352
63.679 0.7266469468
74.533 0.3178285319
75.43 0.7331009496
76.323 0.7337565377
77.437 0.6019258471
79.767 0.5757835603
81.237 0.9440851858
85.316 0.8430723329
91.328 0.6782808727
95.634 0.6708436316
104.368 0.4189010185
111.641 0.5062307253
121.673 0.326878882
123.02 0.4619874321
124.29 0.4661905937
125.751 0.4662226171
127.169 0.5022870449
129.974 0.4982651164
132.319 0.5231035262
134.244 0.7434465726
142.88 0.3949421309
150.231 0.4827642542
153.906 0.3595965878
155.908 0.3288100546
157.994 0.2795705046
160.769 0.249005493
163.373 0.2515280791
167.795 0.3397848783
171.189 0.3810027609
177.488 0.335380833
183.827 0.3627278515
