1.38 0.5046536473
2.581 0.5103200828
3.661 0.5085229076
4.875 0.5089370298
6.147 0.5045202103
8.609 0.5020958594
16.513 0.4341020572
18.181 0.4243157739
19.502 0.4463282514
26.788 0.4756986401
33.828 0.5084055697
38.905 0.6881447952
50.619 0.3039048467
53.364 0.2595252579
55.143 0.3155303127
56.742 0.3485608378
58.399 0.3500348145
60.202 0.3418173501
64.794 0.3406355182
66.65 0.312479341
68.688 0.3070579894
70.946 0.3073325813
76.005 0.3030721947
85.558 0.3467289471
87.16 0.3651326775
88.813 0.3694163293
90.798 0.3691259423
92.074 0.3731566535
96.253 0.364318135
101.067 0.5085161167
107.327 0.5251089717
116.561 0.3975621545
127.424 0.3061298013
129.121 0.387973384
130.965 0.3921441479
132.586 0.3877600601
136.256 0.3487866093
141.262 0.2753111259
146.485 0.2757679021
148.587 0.2786782499
150.288 0.3671707849
152.137 0.3987094106
153.613 0.4030822499
157.901 0.3932106691
165.071 0.5084265914
171.145 0.6085179518
176.285 0.6126137827
181.488 0.6114195434
185.699 0.5475692567
