0.394 1.765628949
0.839 1.775162497
1.205 1.775491244
2.13 1.745063006
4.351 1.736560332
6.126 1.739436368
8.147 1.74067073
10.484 1.73619687
14.929 1.731345783
19.663 1.734823927
24.352 1.742776178
28.88 1.750309589
33.411 1.826722958
39.667 1.375077142
45.897 1.207410191
51.137 1.562545081
57.929 1.305662907
61.888 1.305673632
64.827 1.307912767
67.54 1.308470776
70.831 1.031235643
73.231 1.53482675
75.652 1.539425752
77.761 1.592372216
79.781 1.693790786
81.604 1.877303685
84.325 1.653414646
87.218 1.008664745
90.348 1.195397092
92.323 1.899358608
96.704 1.830113153
101.739 1.621196287
106.274 1.826131742
111.338 1.692052518
116.362 1.73452361
120.738 1.844722136
124.678 1.847105861
129.08 1.827877171
133.718 1.839028538
138.214 1.813451356
142.677 1.797169157
147.321 1.761890089
151.906 1.756303321
156.507 1.836733486
160.914 1.836873786
165.562 1.836934171
171.429 1.254471577
178.897 1.115176403
183.558 1.174087271
