0.954 0.7310658242
1.815 0.7372012406
2.65 0.7316722003
3.512 0.7374393697
4.457 0.7333496423
7.211 0.723239578
13.099 0.5841480857
20.166 0.5693763409
25.883 0.5615576774
31.969 0.5729550788
38.149 0.571862702
39.447 0.5638987713
40.599 0.5635425825
41.931 0.5615420567
44.201 0.5831354113
50.423 0.5647809644
57.003 0.556536273
63.095 0.5532401502
69.831 0.557077629
70.821 0.5914535608
72.112 0.590020885
73.238 0.5864188114
76.096 0.5791367936
78.537 0.55673282
84.628 0.5575288648
90.847 0.5514253174
97.68 0.5937094548
102.962 0.5507179511
109.482 0.5617865236
110.675 0.5822852458
111.746 0.5786075568
112.845 0.5794263738
115.336 0.5722348696
118.18 0.5592165651
125.245 0.5448348406
131.441 0.5750299394
136.258 0.5742233571
142.573 0.5598483146
148.552 0.5717041198
149.606 0.5757624935
150.779 0.5322911088
153.579 0.5227425422
156.029 0.5798304623
158.854 0.6006821791
165.253 0.5651332327
171.838 0.5622492327
177.342 0.5714858369
182.801 0.5869126079
186.611 0.6062906195
