0.359 1.943206573
0.71 1.935461451
1.492 1.918966861
2.355 1.911594557
4.355 1.908160735
5.973 1.903932587
7.774 1.907246808
9.868 1.916734349
13.538 2.106812615
17.416 2.118872397
21.412 2.071416523
24.966 2.261533615
28.361 2.451066683
31.815 2.484179573
35.482 2.087707853
39.343 2.087195254
44.993 1.579532482
49.665 1.684031989
54.212 1.836034895
57.845 2.271312181
60.876 2.55462605
63.888 2.713945858
67.029 2.733450983
70.282 2.394721669
73.707 2.392379703
77.755 2.085967008
82.232 2.014638535
85.837 2.079763581
89.493 2.214787891
93.225 2.226172827
96.722 2.301708929
100.281 2.299728066
103.66 2.431391995
107.182 2.448459415
110.904 2.449816594
114.234 2.472019155
117.128 2.532238036
120.865 2.184853183
124.411 2.267137153
127.967 2.308505746
131.296 2.385293857
134.751 2.43142941
137.81 2.628314061
140.985 2.861102352
145.692 1.726155908
148.92 2.689479737
151.396 3.052197581
154.236 2.936222706
156.118 2.944618655
