0.778 0.8968645721
1.459 0.9084819056
2.1 0.9047285816
2.867 0.9005490122
3.603 0.892726657
5.088 0.8712839913
8.569 1.007838977
11.574 1.332198342
13.746 1.488615354
16.275 1.380163411
20.429 0.8501451113
23.016 1.366643989
25.247 1.647312099
30.463 1.644375327
35.935 1.376523373
42.102 1.316205983
47.433 1.633142692
51.599 1.874855976
56.358 1.777177495
61.098 1.713063127
65.989 1.587288571
71.801 1.472480992
78.403 1.273223778
81.369 1.144132324
84.341 1.141543209
87.375 1.141131092
91.451 0.9941832851
94.433 0.9701501986
98.053 1.024771169
100.822 1.341838928
103.335 1.343054654
106.247 1.343766101
109.171 1.153915136
113.612 0.8778345938
118.071 0.8779774692
122.123 0.878442034
125.413 0.8499945743
129.688 0.8386293755
133.49 0.9217111416
135.987 1.460514642
140.684 0.7291921871
146.878 0.621055336
151.544 0.7146233307
155.32 0.9810002345
159.137 0.9601940686
163.352 0.8847016868
166.916 0.8853936734
170.469 0.9133157031
172.905 0.9347510433
