2.386 0.2932506016
2.68 2.167426868
2.951 2.149665018
4.098 2.113667382
5.771 2.375116149
7.39 1.882283322
11.98 1.795764749
15.934 2.17201319
19.624 2.11321807
24.379 1.728876384
29.087 1.729725864
33.079 2.023385056
37.158 2.030745389
41.079 2.186976694
44.704 2.192645549
48.328 2.275861568
52.092 2.310591194
56.052 1.992369706
60.556 1.859176456
64.584 2.019706602
67.917 2.363625972
71.401 2.38529773
74.899 2.436809885
78.317 2.439281777
81.972 2.2829332
85.468 2.263213915
90.797 1.685088169
95.259 1.687057532
99.342 1.971205211
103.295 2.072031131
107.475 1.934137793
111.737 1.890500545
115.617 2.255126167
119.148 2.471222548
123.058 2.229651259
127.004 2.048480296
130.299 2.239934523
133.365 2.700413535
136.347 2.700662528
139.586 2.510318513
142.832 2.510514149
146.322 2.52198544
149.537 2.524089263
153.437 2.155727418
157.335 2.066963364
161.021 2.314740594
164.139 2.407508983
167.537 2.407896662
169.814 2.417363728
