3.145 0.2214988167
5.891 0.2233512057
8.458 0.22250596
11.2 0.2232248903
14.149 0.2216357468
16.409 0.22326556
19.177 0.2223882902
22.234 0.220928336
24.925 0.2230753218
26.531 0.362340167
28.083 0.3728586559
31.839 0.4112871813
40.93 0.3929435756
49.758 0.4429788542
50.979 0.4634702369
52.119 0.482170381
53.347 0.4874914084
56.352 0.4764050165
59.977 0.4284790429
63.022 0.4677408463
69.235 0.5607801533
75.537 0.5734544749
81.312 0.6349350791
87.271 0.557739977
92.842 0.6064189232
95.198 0.6249339303
96.314 0.6890100328
97.943 0.6823025168
100.409 0.6788206636
106.124 0.6711675851
111.092 0.6682125068
116.141 0.7232084008
121.076 0.6792077333
126.507 0.7166096693
132.294 0.6731160597
137.566 0.6836317776
141.43 0.7126104316
143.722 0.6691019154
144.622 0.6774927154
146.898 0.67029171
150.303 0.6460428409
156.748 0.604416409
161.744 0.6718070969
166.737 0.7386001766
172.487 0.6301220571
178.437 0.6192461883
183.549 0.6161563151
188.716 0.6197242576
190.348 0.6275932836
