1.881 0.3689230155
3.51 0.3726355273
5.066 0.3707904023
6.711 0.3725209187
9.694 0.2158902178
12.05 0.2192023977
14.637 0.2335942549
17.591 0.2322763073
20.113 0.2434165366
22.387 0.2473335365
26.984 0.3006531762
31.334 0.3531652759
36.18 0.3045327542
48.82 0.308173059
50.17 0.4266507341
51.385 0.4516907784
52.622 0.453914194
55.392 0.5244958064
60.165 0.5155278507
68.148 0.4349973741
74.12 0.5646950156
81.002 0.539332715
84.332 0.4696047956
85.266 0.6146753276
86.167 0.6521784382
88.217 0.7097239611
91.358 0.5251179784
96.633 0.5441301616
104.431 0.4701139403
114.215 0.3774619697
115.34 0.5849658816
116.622 0.5852148491
117.651 0.5861848867
118.806 0.5692455924
121.555 0.5711740172
127.862 0.5644000659
133.335 0.5038994039
140.116 0.5229499835
146.024 0.5841539502
152.152 0.575656029
157.193 0.6436469638
159.556 0.645116642
162.458 0.5244620362
165.912 0.4859169699
168.795 0.538299438
171.644 0.5447425104
175.04 0.6056370999
180.307 0.6095255041
185.459 0.4436390632
