0.478 1.454270725
0.913 1.461371146
1.37 1.465405449
2.405 1.438044844
3.577 1.440133975
6.599 1.527614004
8.303 2.11437405
10.171 2.237458474
13.767 2.149458245
17.541 2.16144283
21.747 1.952835432
26.058 1.840956507
29.869 2.184009192
33.811 2.168485731
37.303 2.199109717
40.996 2.231460701
45.177 2.19732692
48.749 2.162806753
54.015 1.586387746
58.69 1.753119455
62.218 2.225649566
66.468 1.945614154
73.627 1.162687818
78.596 1.557084026
87.215 0.9568393119
89.232 1.754169763
91.627 1.728342802
93.381 1.691797617
95.577 1.672892741
100.348 1.699354221
104.961 1.728686165
110.914 1.354340617
115.723 1.729265004
120.644 1.761430526
124.715 2.142825099
128.48 2.171768462
131.705 2.235726757
135.682 2.17060414
139.698 2.041473038
143.774 2.013827666
147.962 1.935549408
152.889 1.666496532
158.189 1.525478764
163.812 1.502417234
168.055 1.906892136
173.484 1.556671673
177.42 2.016238866
181.923 1.815603168
184.966 1.804637694
