0.729 0.9537882755
1.426 0.9613006211
2.058 0.9580459198
3.641 0.9369080041
5.344 0.9414898005
6.678 0.9381997056
9.596 1.173179332
13.647 1.001431655
18.567 0.6565064817
22.251 0.9362000777
26.169 0.9065862805
29.539 1.030036233
32.783 1.113133144
35.815 1.328478624
42.358 0.4885977354
46.871 0.7760154267
51.502 0.7882027312
53.885 1.450063862
57.98 0.926589398
59.77 2.067415318
61.524 1.9326654
63.015 2.525319066
65.765 3.106474557
68.256 3.104630992
70.883 3.157644018
73.559 3.066061138
76.507 3.070553494
79.059 2.990349021
82.477 2.356786759
85.593 2.698572224
88.466 3.057306881
91.129 3.045846474
93.94 2.982080485
96.877 2.963744951
99.898 2.972353652
102.653 3.01274416
105.356 2.694683495
108.818 2.34109708
112.579 2.162148508
116.157 2.449466975
119.211 2.614282067
122.088 2.922962982
124.899 2.931956584
127.79 2.963834932
130.525 3.019124485
133.403 2.989700731
136.128 2.780012278
139.451 2.47251326
142.382 1.98833124
