0.806 0.8603510017
1.591 0.8663218172
2.317 0.8713884999
3.088 0.8667953011
4.779 0.9889292091
6.882 1.439446618
9.73 1.195668393
12.667 1.384083961
14.909 1.445211535
17.375 1.441009954
19.687 1.537289665
25.033 1.499019215
30.703 1.469150266
36.426 1.508125411
41.384 1.529815455
46.673 1.552546247
52.099 1.580705112
57.035 1.588689656
62.408 1.559728285
68.024 1.507096492
72.849 1.60102118
78.082 1.565899515
80.53 1.554042656
82.707 1.55208786
84.88 1.612822515
87.005 1.610783994
89.665 1.567346486
91.518 1.562452425
93.932 1.560356618
96.289 1.596865068
101.385 1.580602451
106.695 1.540542866
111.992 1.573971797
117.528 1.570232234
123.086 1.568742205
128.521 1.503248594
133.328 1.51483056
139.052 1.417285883
144.623 1.491683362
146.91 1.57623848
149.087 1.53589831
151.718 1.522019444
153.971 1.526890887
156.396 1.522199103
158.874 1.513415768
161.341 1.506364233
163.989 1.199077967
171.091 1.181761461
174.879 1.453449001
