0.546 1.27832871
1.071 1.288870766
2.152 1.263211486
3.339 1.2642012
4.627 1.262046509
7.085 1.259363693
9.93 1.196092991
12.871 1.381176222
15.225 1.370889939
17.204 1.795743519
24.519 1.121789745
29.282 1.67495893
33.972 1.802286533
38.857 1.746152219
43.257 1.715983473
48.032 1.695569885
53.086 1.712271641
57.632 1.732789305
62.671 1.73136051
67.455 1.691392499
72.065 1.666060468
76.989 1.659635198
82.456 1.547130186
87.149 1.639689735
89.746 1.318655914
92.432 1.286659074
95.139 1.527296061
97.044 1.539425015
99.299 1.653778336
101.559 1.690579553
103.53 1.692108962
105.704 1.693812042
110.607 1.699692589
115.717 1.7001695
120.944 1.672672905
125.837 1.653137188
129.959 1.764494999
134.583 1.747500161
139.248 1.749448352
143.885 1.745640251
148.87 1.680129863
153.67 1.707826206
158.322 1.711367546
163.313 1.684546997
168.015 1.717902174
173.015 1.704653926
177.848 1.540602369
183.239 1.505331078
186.797 1.531066433
