1.916 0.3629822262
3.625 0.3686006203
5.194 0.3637894646
6.867 0.3844098842
8.497 0.393493109
9.849 0.393426079
11.216 0.4503977695
12.788 0.4472041766
17.356 0.7230999133
21.934 0.7549061697
25.244 1.084304187
28.369 1.119589908
31.533 1.129917635
34.503 1.337233773
36.559 1.568880305
43.1 1.23461542
52.386 0.9287719892
54.795 0.9545232967
58.09 1.158236748
61.369 1.089769825
65.159 0.886989523
67.936 1.309183466
71.06 1.181337544
73.188 1.573112756
74.984 1.990557467
79.716 1.700482117
83.469 2.437293829
86.683 2.308884529
90.878 1.953743747
95.755 1.696846742
99.59 2.078903991
104.025 1.851507602
109.235 1.590559322
116.638 1.19214408
122.285 1.54197186
127.604 1.535374238
132.858 1.387932218
139.901 1.143077166
150.955 0.727520364
152.132 1.305653573
153.588 0.9387861249
155.128 1.016505754
156.55 1.665305419
158.581 1.844620095
160.236 2.193801331
161.975 2.193953913
163.228 2.536965452
166.065 2.907467533
168.664 2.085531633
