1.798 0.3881951133
3.437 0.3904878366
4.778 0.4246685179
6.179 0.4356838477
7.649 0.4323946326
8.537 0.5991718601
14.785 0.5479417378
20.768 0.6760307266
26.854 0.5279146812
35.145 0.4150601321
36.571 0.4015182634
38.301 0.3978189962
39.273 0.7455345138
40.927 1.023985395
42.563 0.8242873993
47.138 0.7607151669
50.41 1.125087878
54.129 0.912869242
58.351 0.8895706933
61.82 1.011493747
65.003 1.075374133
66.878 2.011961453
69.379 1.459552831
72.514 1.11854973
74.618 1.674263373
78.301 2.183083397
83.42 1.778947143
88.39 1.503756898
94.674 1.290010494
100.199 1.46841316
107.035 1.170041082
113.498 1.253019966
119.837 1.310715015
123.003 1.249938449
125.5 1.601581225
127.592 1.771509995
129.174 1.852105664
132.568 1.669897322
137.82 1.52522044
142.138 1.889870471
145.191 2.629180758
148.518 2.535362586
151.923 2.385981597
155.794 2.182517262
159.715 2.078377045
164.525 1.772261621
169.359 1.60183404
172.728 2.415879442
174.987 2.458600454
