1.37 0.5080660311
2.568 0.5157780516
3.41 0.6800247509
4.129 0.9493472346
4.678 1.321623594
5.623 1.312232811
8.889 0.6596165619
15.186 0.6423447793
19.057 0.8495552543
22.72 0.9432137853
27.074 0.8227339839
34.069 0.4929948049
39.409 0.669827552
44.049 0.8521761644
48.676 0.6721308192
55.248 0.5425609517
58.329 1.201798416
60.807 1.376167542
64.406 1.053304749
68.741 0.8146145704
72.728 0.8484148955
77.99 0.6930220258
83.236 0.7042278181
92.144 0.3695447285
93.87 0.3420259103
95.641 0.3424613101
97.756 0.3412041615
99.071 0.3448353395
103.278 0.363251838
107.207 0.3875518045
110.66 0.4026730689
111.969 0.4778140815
113.339 0.4782723874
114.721 0.4768268963
120.414 0.6859396223
123.627 1.13152846
127.013 0.8236581689
130.228 1.123660795
133.321 1.126262831
136.497 1.124567805
139.562 1.084255547
143.287 1.039438034
146.899 1.001080299
151.205 0.8667066665
155.439 0.867068781
164.139 0.4238725069
171.005 0.4575102043
173.89 1.137355213
175.485 1.51944866
