0.482 1.448042585
0.916 1.446757435
1.933 1.430808624
4.451 1.426236251
7.111 1.425983196
9.266 1.452073342
11.859 1.32345692
15.407 1.130269137
18.799 0.9665567701
21.298 1.426497055
23.909 1.400559574
26.597 1.424847616
29.229 1.399266297
32.111 1.379336303
34.432 1.378519998
36.917 1.42958712
39.541 1.42463584
45.206 1.371403781
51.363 1.366019678
57.463 1.326215015
63.315 1.3083703
69.209 1.397738345
75.402 1.35796587
80.818 1.434844555
86.676 1.412413785
92.36 1.434986283
95.204 1.435844486
97.299 1.421485195
99.974 1.414016021
102.545 1.434653874
104.875 1.438817187
107.348 1.459198537
109.675 1.456690214
112.356 1.458182644
118.599 1.431408595
124.24 1.443652026
129.296 1.433342284
135.092 1.406802261
140.985 1.376083074
147.851 1.18580108
150.868 1.083887504
154.544 1.051767919
156.917 1.436408464
159.536 1.437062224
162.195 1.382605025
165.037 1.342990171
167.471 1.311555144
169.922 1.308478482
171.833 1.368250452
