0.238 2.927428084
0.82 2.892081391
1.355 2.899772145
1.898 2.884840467
4.897 2.873118044
7.519 2.87392092
11.172 2.250497101
14.109 2.934424985
16.402 3.480028666
19.264 2.922370911
22.495 2.533606609
26.077 2.255012469
29.249 2.786852014
32.724 2.475460604
36.246 2.170317183
39.371 2.614788046
42.894 2.441754341
47.007 1.917082462
51.235 2.002502059
55.205 2.059105397
58.525 2.359216222
62.292 2.319684955
67.011 1.795962252
71.063 1.924384029
75.147 2.01438608
79.883 1.676095922
85.319 1.6793717
89.474 1.804508278
93.216 2.143632449
96.297 2.690454861
101.161 1.723379959
105.809 1.737928062
110.117 1.938175022
114.697 1.895264708
119.392 1.873861023
123.012 2.278495369
126.168 2.334394005
129.442 2.469188018
133.157 2.174588266
138.172 1.674247666
142.315 1.912422873
146.345 2.065540694
150.739 1.823666156
155.375 1.80975231
159.548 1.909656415
164.153 1.839360234
168.328 1.771861117
173.112 1.70623414
176.659 1.638311639
