0.365 1.904889824
0.867 1.8973868
2.656 1.872132984
4.565 1.871406488
6.586 1.874396516
8.3 1.870467356
10.237 1.843567522
15.056 1.794908498
19.421 1.773514957
24.019 1.789457992
28.554 1.81883885
33.016 1.774939456
37.701 1.790897056
42.504 1.803067705
46.755 1.799609206
51.482 1.786762106
56.507 1.739905851
60.992 1.748211209
65.809 1.758263302
70.413 1.781540001
74.751 1.789443248
79.321 1.794259861
81.426 1.786069858
83.301 1.816549758
85.248 1.817277165
87.201 1.781057143
89.568 1.773503221
91.168 1.810158297
95.637 1.794759175
100.216 1.786471581
104.694 1.792959852
109.31 1.775784686
113.953 1.793579658
118.898 1.740881705
124.103 1.686143655
129.002 1.665914726
133.35 1.764059106
137.814 1.813353743
142.425 1.758751866
146.98 1.786663579
151.47 1.799643461
156.144 1.792991414
160.637 1.78409293
165.432 1.748047498
169.927 1.791493178
174.882 1.785515714
179.316 1.695271257
184.749 1.502227884
186.511 1.317274829
