0.383 1.817838407
0.731 1.825561432
1.097 1.825329594
2.004 1.795740341
3.469 1.789581465
5.18 1.787435212
10.16 1.622250386
14.132 2.17201319
17.783 2.138635798
23.134 1.543651442
26.931 2.172732784
30.377 2.319900102
34.42 2.048461264
39.017 1.879964417
42.55 2.295193895
46.139 2.266840599
51.388 1.644812503
55.398 1.971856247
60.012 1.835219061
63.983 2.071333495
68.14 1.88268967
71.904 2.192174518
75.439 2.409805285
79.503 1.999800447
83.606 2.034540018
88.421 1.662220366
93.058 1.959697875
96.267 2.324247829
99.695 2.344261763
103.196 2.375986111
107.313 1.962630709
112.267 1.646929561
116.057 2.290620002
119.685 2.378620808
123.815 2.142290329
128.043 1.92859342
131.346 2.206709289
134.982 2.235606839
140.684 1.398387451
144.301 2.284720341
148.143 2.100387306
153.358 1.639265098
156.833 2.309194595
160.478 2.312123329
164.055 2.22838114
168.295 1.995751981
172.816 1.657521522
177.227 1.856819085
179.721 2.209073896
