0.378 1.832617581
0.726 1.843003102
1.094 1.844747994
1.997 1.811753312
2.955 1.813818028
4.665 1.803664951
9.279 1.756461515
14.195 1.743478455
18.987 1.635777274
24.019 1.644317523
28.984 1.65806782
33.838 1.654757351
39.005 1.614304967
44.129 1.687320536
49.007 1.620195517
53.914 1.666281165
59.283 1.616098509
61.484 1.590799176
63.821 1.591822774
65.973 1.664750125
68.003 1.664886459
70.25 1.662669128
72.479 1.66238081
74.486 1.648896585
76.541 1.646207703
81.34 1.656594065
86.83 1.645263338
91.291 1.673585706
96.35 1.608918863
101.313 1.642154415
106.496 1.546701297
111.612 1.598490457
116.899 1.571846859
122.128 1.726745434
127.362 1.666826669
133.415 1.329343856
137.612 1.742110578
142.235 1.766045376
146.907 1.726614568
149.075 1.680300826
151.022 1.671797166
153.384 1.679585334
155.359 1.693147111
157.551 1.695289596
159.751 1.667658235
161.888 1.757062657
166.085 1.790123244
171.184 1.611557698
174.443 1.70428392
