0.943 0.7366404002
1.805 0.7428792989
2.629 0.7410526131
3.506 0.7440829676
5.836 0.6958465526
14.276 0.3580024629
15.798 0.4049741308
17.561 0.4019000866
31.69 0.2260878996
34.046 0.2413347754
36.401 0.2410210133
38.924 0.2679039366
41.321 0.2681249686
43.99 0.2671979982
46.754 0.2038108554
49.504 0.1991005405
52.107 0.2241928149
54.336 0.2740893526
56.741 0.2736523183
58.929 0.2563737059
61.597 0.2489307129
76.31 0.1581828821
80.935 0.1404308805
83.609 0.2061290451
86.502 0.2040648048
89.435 0.2109006668
90.681 0.5929954884
92.607 0.5527051955
97.927 0.2894155725
109.366 0.3212669765
113.093 0.1648974507
116.687 0.1746050861
118.669 0.2842202876
120.927 0.284090791
125.575 0.3321991835
127.314 0.3613754144
130.595 0.3827709456
134.674 0.343172965
146.061 0.2996112717
148.098 0.2901268103
150.579 0.2407650947
153.936 0.1875548941
156.998 0.1891874658
160.903 0.1746430897
169.083 0.1899029495
171.352 0.274876214
173.353 0.2770735425
175.121 0.2974237278
176.68 0.2970163446
