0.226 3.087835102
0.492 3.09466831
1.037 3.027604328
1.575 3.032465566
5.949 1.912545306
9.347 2.163619913
13.157 2.139502176
15.928 3.12840093
18.451 3.123212001
21.044 3.176640191
23.649 3.177963321
26.183 3.157199533
29.102 3.156077799
31.887 3.155704626
34.367 3.158077967
36.94 3.158375146
39.689 3.17318895
42.22 3.172116571
44.998 3.067330485
47.737 3.046819075
50.322 3.015595934
53.331 2.964372206
56.213 2.943791351
59.204 2.621807345
63.519 1.932088121
67.659 1.933511147
71.783 2.18829721
75.195 2.232975997
79.567 1.864290817
84.434 1.669398785
89.389 1.677408449
94.21 1.700565198
99.209 1.664289558
109.484 0.8363764021
113.491 2.218701821
117.979 1.826553777
123.241 1.367466729
129.617 1.267304972
134.999 1.501844309
143.496 0.9742266134
150.438 0.732285374
154.215 1.036330173
157.544 1.021871489
161.363 0.9678957697
166.081 0.766298811
170.519 0.8322928377
174.096 0.889983848
177.539 0.9496830253
178.966 1.640288465
