0.5 1.397181585
1.029 1.404618869
1.485 1.40599712
2.546 1.382144169
3.726 1.376674834
5.981 1.375013613
8.457 1.376460099
11.883 1.171559041
15.927 0.8133946973
17.384 2.484899475
19.63 3.636859509
25.964 1.249062968
35.489 0.867838077
40.005 0.9185715911
43.676 0.8601685435
47.642 0.8771055589
51.561 0.9366451836
55.27 0.9031099492
59.388 0.9037950709
63.344 0.8999592084
67.196 0.878530815
71.34 0.8849623727
75.381 0.9540850116
78.728 0.9832549338
81.82 1.111902606
85.708 0.8907639743
90.167 0.9218624016
93.422 0.881871991
97.421 0.9273364937
101.55 0.9008871433
105.078 0.9403326217
109.003 0.9610801406
111.417 1.427013387
115.641 0.9338167708
118.594 1.325197243
122.818 0.8555391837
126.353 0.7912117573
130.698 0.817423107
134.745 0.8613442294
139.136 0.8036730213
142.428 1.057678896
146.938 0.862202331
150.544 0.9367881286
155.012 0.8256230324
159.447 0.8253403436
163.624 0.8916117317
167.226 0.8805995783
171.126 0.829128056
173.541 0.9588944193
