0.791 0.8793704647
1.58 0.8862220121
2.212 0.884726079
2.974 0.8853789676
4.79 0.8707977336
8.813 0.7673588716
11.84 1.153887586
15.81 1.014567718
18.632 1.168842785
20.691 1.715107206
23.9 1.134998928
26.637 1.302982069
29.213 1.409345045
32.238 1.409595966
34.718 1.271289033
37.646 1.21380992
40.679 1.213970581
43.392 1.231605643
46.489 1.235348676
53.508 1.165012289
61.373 0.9788723222
69.587 1.004304738
73.008 1.160024753
76.276 1.030625694
79.074 1.21151811
81.653 1.328769761
83.514 1.455210232
85.553 1.455976576
91.816 1.280028146
98.717 1.183800139
105.396 1.194943142
112.078 1.219547443
115.417 1.000948581
119.195 1.048478182
122.364 1.252154875
125.332 1.205332238
127.601 1.242090102
130.126 1.449237895
132.227 1.674053866
135.21 1.196481059
142.045 1.166049093
149.648 1.079701978
152.658 1.122805662
155.974 1.111298732
158.725 1.319689591
161.463 1.382639389
164.0 1.241472045
166.714 1.214114627
168.262 1.542598155
