0.785 0.8839684802
1.472 0.8903122675
2.105 0.8923137812
2.868 0.8908358488
3.576 0.9338661343
5.89 1.311467649
9.084 1.096418575
12.131 1.309641198
14.791 1.230504003
16.69 1.912967069
21.667 1.665239689
25.984 1.829757427
30.853 1.733845272
34.986 2.074411717
38.765 2.03975394
42.664 2.076369553
46.375 2.321929973
49.423 2.538323896
52.764 2.695047633
56.282 2.307240329
59.99 2.118157278
63.904 2.133254412
67.836 2.157499301
72.112 1.809433912
77.062 1.677478035
81.128 1.949395107
87.037 1.529741844
91.387 1.796553061
96.365 1.635767324
101.265 1.659418871
105.611 1.827985114
109.17 2.307699394
114.285 1.605600072
119.603 1.63985888
124.672 1.729979312
129.429 1.690995291
134.6 1.460607744
139.474 1.677409332
144.965 1.457445312
148.194 2.511108169
151.437 2.507303773
154.843 2.435072547
159.843 1.600654456
164.257 1.901031848
167.76 2.289706809
171.837 2.177798682
175.863 1.845371166
181.893 1.340225378
186.062 1.317042328
