2.502 0.2788601597
4.739 0.2807874691
6.74 0.2795373103
8.942 0.280384319
11.293 0.2749646556
13.26 0.2640532537
15.628 0.2548965472
18.306 0.2560004907
20.692 0.2559763853
23.133 0.2305801063
25.74 0.2176547022
38.471 0.2725211659
40.824 0.265152408
43.732 0.2435530188
46.013 0.2458426363
47.988 0.2872561678
49.07 0.52488013
55.96 0.4826465125
62.511 0.5663522373
71.973 0.3761405865
79.318 0.4590247511
79.979 1.044493292
80.923 0.6790098921
82.646 0.3269633129
86.037 0.4116583006
88.815 0.5281790136
92.047 0.5099020679
101.774 0.2932543025
105.548 1.02158865
109.746 0.8816308721
113.289 0.9370779371
117.198 0.9392142961
120.83 0.9379258927
125.121 0.9167008719
129.385 0.9167831032
133.2 0.9286254456
136.371 0.8898860165
141.267 0.7504759437
145.327 0.8445564108
149.238 0.9077943096
152.511 1.000668313
156.449 0.9957322297
159.832 0.9950369528
162.399 0.9545109184
166.34 0.9345352279
170.328 0.9349714013
174.154 0.8723952344
177.932 0.8490289182
180.642 0.8501953191
