0.3 2.307972312
1.061 2.279013446
1.68 2.289293799
2.336 2.279208895
3.081 2.278069071
6.296 2.268267359
10.247 2.09100382
14.409 2.078730047
18.839 1.766548747
22.717 2.119428969
26.553 2.160539468
30.359 2.086548357
34.455 2.032754536
39.214 1.875797829
43.524 1.769722458
47.771 1.925097619
51.873 2.096194718
55.682 2.032005708
59.817 2.011768386
63.809 2.058048903
67.378 2.186524314
71.406 2.025444207
75.929 1.954866885
79.591 2.122624595
83.478 2.158729031
87.624 1.902507324
92.193 1.988118304
95.764 2.123719209
99.409 2.206172434
103.379 2.078987847
107.454 1.943222742
111.856 1.924194437
116.257 1.875293595
120.55 2.007540243
124.903 2.000502761
128.813 2.098062034
132.959 1.763623428
137.907 1.630833654
142.409 1.805972053
146.739 1.888529186
151.058 1.933640582
154.954 2.114451493
158.739 2.116606898
162.929 2.003952485
167.345 1.823735095
171.471 2.057673859
174.893 2.156296843
178.786 2.122851692
181.388 2.152019526
