1.512 0.4600244132
2.897 0.4633330455
4.179 0.4583426735
5.488 0.4681396485
6.931 0.4720084266
8.039 0.4749754685
9.343 0.4747740018
17.905 0.4672082541
24.804 0.4693355999
32.359 0.4585650185
39.84 0.4733003923
41.343 0.4784314122
42.698 0.478334944
44.264 0.4733167654
46.976 0.4787098642
49.894 0.4782961719
52.85 0.4786607089
59.852 0.476779319
67.618 0.4786875522
68.814 0.4892883799
70.327 0.4895498829
71.642 0.4895790077
72.988 0.49094274
75.688 0.4838499007
82.805 0.4802523982
90.221 0.4756860693
98.666 0.4813185424
104.6 0.4815960771
107.832 0.4830789931
109.309 0.4681888125
110.711 0.4658320187
114.262 0.460295914
117.326 0.4616283982
120.819 0.4555350601
124.233 0.4548495527
132.291 0.4424310496
138.571 0.4434149946
146.343 0.4540530745
147.726 0.4904700462
148.994 0.4889691992
150.263 0.4922978592
151.576 0.4886779302
154.509 0.4832595368
158.016 0.4838977245
163.021 0.4822328508
170.739 0.4814092336
177.314 0.4781838316
184.136 0.4710052706
185.135 0.4718700345
