0.6 1.161917332
1.209 1.173839704
1.766 1.169031313
2.308 1.172723054
3.758 1.149296108
6.423 1.145140084
9.458 1.144088948
12.449 1.344457836
14.238 1.835786643
19.211 1.645994714
23.988 1.727877471
28.255 1.887158118
32.949 1.770830982
38.177 1.639279451
42.252 1.846838366
46.627 1.854640027
51.357 1.833549869
55.887 1.789038188
60.51 1.837260008
64.952 1.849302588
69.098 1.856886777
73.557 1.862793487
78.084 1.846530128
82.3 1.859892686
86.775 1.863480181
90.983 1.876970313
96.035 1.882684606
100.007 1.882783919
104.33 1.881074293
108.697 1.879047839
112.991 1.880013392
117.477 1.829041965
122.03 1.801907134
126.729 1.841114288
131.434 1.856435412
135.968 1.869370322
139.831 1.868859267
144.181 1.86980881
146.144 1.847957767
148.09 1.840201862
149.944 1.840422241
154.4 1.850987947
158.734 1.869009501
163.215 1.874694591
167.721 1.873001873
172.634 1.731140158
176.831 1.771000781
181.196 1.870685645
184.292 1.788897814
