0.528 1.315634022
1.059 1.327300399
1.508 1.323712301
2.725 1.29646887
3.993 1.298441404
4.999 1.335903301
6.075 1.360689235
9.054 1.342627396
14.834 1.338519429
20.88 1.352214863
26.618 1.417380556
31.697 1.569097761
37.169 1.534433643
42.953 1.475265785
48.119 1.460904849
53.22 1.600016186
55.676 1.521701591
58.037 1.418228624
61.831 0.9897432552
65.389 0.9902144835
68.803 1.010805799
71.481 1.383615236
74.12 1.380113773
76.571 1.377806808
79.265 1.356683765
81.815 1.346826585
84.882 1.348340159
86.986 1.360456646
92.665 1.405561089
99.014 1.277549745
105.082 1.317080427
110.662 1.465649477
116.08 1.518261171
119.963 1.534747242
122.737 1.401604135
125.391 1.36090419
127.506 1.359820809
129.997 1.463207917
132.365 1.502184336
137.727 1.502505716
142.622 1.630868414
147.768 1.607803144
152.736 1.604233155
158.189 1.534823407
163.934 1.406918459
170.011 1.394561673
175.78 1.287915293
177.423 1.277541702
179.265 1.275779918
