0.342 2.043008723
0.69 2.059441188
1.458 2.016843069
2.658 2.008353535
4.561 2.005168366
6.102 1.99976812
12.119 1.358603803
17.051 1.759321712
21.183 1.878531444
26.36 1.597755661
31.127 1.716140668
35.306 1.9111396
39.758 1.889727889
44.246 1.908365233
48.487 1.871394922
52.843 1.890996929
57.388 1.902354063
62.253 1.615151069
65.365 1.878344483
67.689 1.507698226
70.079 1.466808415
72.31 1.616525899
74.553 1.684151933
76.423 1.790541887
80.945 1.834481504
85.229 1.857381439
90.305 1.784290396
94.797 1.673203957
99.945 1.578531728
104.526 1.783305481
108.971 1.803656721
115.006 1.333320311
117.732 1.259418471
119.488 1.49260155
121.785 1.757167614
123.854 1.812665364
127.789 1.843291497
132.299 1.819964283
136.88 1.776863034
141.379 1.828823109
146.598 1.512311261
151.48 1.706033401
156.94 1.483056581
161.566 1.812136177
166.044 1.863288049
170.666 1.835723538
174.794 1.787053459
179.091 1.917217888
182.042 1.883017085
