0.389 1.7984997
1.353 1.768340588
2.145 1.772958513
3.013 1.771141159
3.973 1.773884607
5.107 1.769094251
7.12 1.767155227
12.036 1.765886346
16.358 1.800240871
20.907 1.795031387
25.52 1.793022552
29.985 1.787924838
34.736 1.778495258
39.561 1.782185683
43.796 1.782834646
48.584 1.785566681
53.483 1.784378617
57.908 1.782793
62.648 1.781777609
67.216 1.781144455
71.549 1.790287723
76.141 1.78791972
80.886 1.769426621
85.309 1.771078803
87.294 1.777623964
89.31 1.774491898
91.665 1.777439091
93.29 1.784953562
95.439 1.784253944
97.546 1.784500639
102.037 1.776347117
106.617 1.772632639
111.294 1.780259058
116.192 1.779859387
121.124 1.784648097
125.693 1.780869538
129.837 1.774139444
134.426 1.768782825
139.202 1.764224755
143.833 1.767282017
148.34 1.771193813
152.977 1.780420046
157.452 1.778064232
162.161 1.776642334
166.658 1.778193004
171.413 1.777917775
175.607 1.780945366
180.398 1.783686691
183.494 1.787698419
