0.497 1.400074301
1.033 1.408036433
1.482 1.40980741
2.544 1.382144169
3.72 1.38164478
5.983 1.375013613
8.454 1.378149698
10.632 1.861557003
14.898 1.826038447
19.725 1.711275946
25.02 1.552965557
29.461 1.798616201
34.08 1.799524105
38.78 1.813110498
42.92 1.814051595
47.756 1.687351106
52.791 1.779160046
57.114 1.823098886
61.946 1.745261144
66.739 1.697117543
72.324 1.376245124
79.421 1.15570314
82.278 1.306975257
84.26 1.670068858
86.345 1.642968731
90.003 0.9381292079
95.066 0.8147650605
99.892 0.5898821643
102.64 1.395475125
105.107 1.516788258
107.543 1.520285076
110.166 1.388978889
112.05 1.788223728
113.657 1.616501031
115.88 1.762035115
120.57 1.711683579
124.854 1.682986392
130.249 1.497529666
136.24 1.33894183
140.673 1.831340415
145.025 1.817998656
149.648 1.791015448
154.128 1.786920336
158.986 1.801064867
163.499 1.802113065
168.245 1.804018468
172.435 1.769711843
176.962 1.801728026
179.981 1.796733283
