0.919 0.753886162
1.792 0.7604506884
2.619 0.7506766731
7.448 0.7371966521
12.704 0.7164360017
13.477 0.7238069928
14.283 0.7562381647
19.739 0.7288690483
24.18 0.7289152848
28.925 0.7243431669
33.92 0.7151793571
38.946 0.7219187729
43.923 0.7196471738
49.39 0.7192621209
52.211 0.7319152282
53.031 0.7370713418
53.854 0.7393394628
54.691 0.7371561011
58.114 0.7237791316
63.031 0.7155444102
67.943 0.7169160887
72.894 0.7300439544
77.995 0.7247819714
82.581 0.7307020373
87.229 0.7267527043
91.964 0.7267112604
97.588 0.7206352839
101.627 0.7242492623
106.709 0.7271838823
112.055 0.7200306091
116.656 0.7178190915
118.793 0.7249548597
119.656 0.7392082894
121.801 0.7418399457
123.983 0.7259885805
125.915 0.7205680145
129.795 0.72037266
134.804 0.7164404043
139.819 0.7191307992
144.726 0.7220316443
149.222 0.7275307786
154.596 0.7236019563
159.321 0.7185173114
164.4 0.7298214879
169.416 0.7297710649
174.597 0.7212109111
179.001 0.7229817314
183.663 0.7240568603
186.785 0.7291364112
