1.778 0.3927037673
3.418 0.3958296675
4.871 0.392914603
6.42 0.3951828201
8.104 0.3909626067
9.437 0.39508052
11.005 0.3924319175
12.798 0.3921511458
19.312 0.4986229675
24.777 0.637416554
31.625 0.5220723861
37.565 0.5853361989
43.956 0.5563028382
45.308 0.5278583975
46.415 0.5321149605
48.78 0.6089349565
52.621 0.6228767006
57.762 0.6543287179
62.927 0.7205191142
68.041 0.6846073437
73.553 0.6114406022
79.184 0.6400871782
85.657 0.5689235004
90.025 0.4656432959
93.014 0.466287981
94.757 0.3549877932
97.6 0.2498551892
99.331 0.2667468207
104.506 0.2953852709
106.508 0.3024198331
108.623 0.3008997161
110.755 0.29570927
112.607 0.3079325671
117.557 0.3203857058
122.313 0.3207021782
134.015 0.3041258389
135.746 0.3122085396
137.449 0.2926886917
142.491 0.2868413381
144.607 0.2902777608
152.319 0.2797776082
154.647 0.2779553139
159.814 0.2754338932
162.284 0.2778240741
164.357 0.3597419545
166.043 0.376347585
171.571 0.3703914821
174.517 0.4090923505
179.737 0.4372814559
