0.223 3.130721701
0.789 3.084485974
1.072 3.133849003
1.567 3.085089697
4.159 3.254774399
6.453 3.208424376
9.078 3.119033293
11.627 3.376391491
15.31 2.120838552
18.092 3.008451188
20.412 3.659908868
22.697 3.56606623
25.367 3.469154322
28.639 2.617878072
31.456 2.715464201
34.173 3.002055117
36.901 3.159064963
39.542 3.020765583
43.017 2.424514527
47.288 1.919204456
50.661 2.336692137
53.217 3.49103083
55.669 3.495440914
58.275 2.959611249
61.111 2.898820738
63.787 3.033986884
66.587 3.323665139
68.936 3.287909524
72.389 2.348421943
74.588 3.871977365
78.206 2.379036317
81.443 2.548406795
84.713 2.541323968
90.68 1.448560628
95.079 1.967489651
97.706 3.067205305
100.213 2.966726739
103.377 2.60189682
107.326 2.025841544
116.614 0.8857981436
122.88 1.274430647
127.598 1.734066814
131.755 1.951737667
135.737 2.104073486
138.715 2.719913249
142.09 2.546849602
147.735 1.319839374
152.223 1.820551439
155.153 2.010065731
