0.353 1.960104021
0.703 1.975095474
1.481 1.944705612
2.242 1.940281515
4.233 1.932025174
5.81 1.985112924
7.854 1.731721266
13.137 1.631922554
17.447 1.803212967
20.383 2.809424125
23.09 3.128768842
25.728 3.098408575
28.598 2.941455472
31.584 2.941814323
36.602 1.523877458
42.156 1.523882946
47.685 1.555871235
52.563 1.612431387
57.739 1.61145552
61.255 2.32867188
63.669 3.209492119
66.225 3.212579561
68.968 3.102974961
71.47 3.084479229
74.266 3.167480915
76.677 3.299924208
79.406 3.300276385
82.414 2.520730635
85.739 2.455168395
89.01 2.51165084
91.649 3.090969717
94.293 3.08703837
99.127 1.725969074
106.524 1.194991291
113.807 1.194068347
120.529 1.205917706
124.415 1.879681827
128.714 1.900053101
132.401 2.21154839
135.817 2.412454781
139.415 2.237616605
143.141 2.237289947
147.156 2.101951298
151.612 1.875546531
155.925 1.8756687
164.052 1.039459329
171.764 0.954685541
185.251 0.5969976903
188.883 0.6279987979
