0.36 1.937638646
1.187 1.91932439
1.988 1.921793027
2.852 1.916747103
3.706 1.92319399
5.37 1.91494505
7.17 1.912662046
12.645 1.567654717
17.796 1.503859752
22.5 1.759796311
27.883 1.534688437
33.945 1.318338375
40.29 1.30908356
43.104 1.542097987
45.187 1.545866887
47.539 1.544700073
49.902 1.570895963
51.797 1.845683526
53.972 1.782594354
55.801 1.919577798
60.318 1.721633621
65.807 1.500593233
70.822 1.684309482
75.143 1.796607112
80.421 1.563045924
86.923 1.222594871
92.635 1.585259961
96.815 1.788231631
101.275 1.903623733
105.54 1.90393589
109.718 1.914353627
114.246 1.802223168
118.895 1.778316816
124.457 1.562157577
129.734 1.645104896
134.321 1.768625813
138.73 1.654520681
141.043 1.566972213
142.558 1.567229309
144.834 1.558496039
147.184 1.405428075
149.928 1.404811609
152.377 1.396846366
155.044 1.376456636
157.702 1.376735224
160.889 1.265742642
163.836 1.096920099
166.785 1.096933529
168.834 1.105464881
