3.416 0.2048578877
6.444 0.2057244841
9.15 0.2045689872
12.124 0.2056018726
15.29 0.2042832169
17.778 0.2067564869
20.179 0.2516344114
22.688 0.2694405164
24.599 0.3078463942
26.455 0.3090930457
28.381 0.2932712608
31.207 0.2275923724
48.842 0.202294846
51.898 0.2327868394
53.843 0.2973404945
55.753 0.2896823179
57.96 0.258750893
60.275 0.2572261877
71.884 0.1314520092
75.699 0.1466632675
79.918 0.1544183148
83.908 0.1581371849
87.714 0.1713264634
90.914 0.1723408105
94.549 0.1611672137
98.628 0.1485716944
103.446 0.1473128352
106.38 0.1525673698
109.562 0.1883179523
112.803 0.1883573068
116.178 0.1866594987
121.172 0.1209081659
126.378 0.1080748791
132.168 0.1098183332
133.773 0.440288578
135.21 0.4373705384
136.471 0.4367020429
137.649 0.4208735202
139.23 0.4143430352
140.694 0.4160431441
149.002 0.3919396818
160.707 0.3312762801
162.943 0.2642515729
165.556 0.2604389025
168.055 0.2621410782
169.722 0.3891384833
171.178 0.3904410378
174.131 0.4070967781
176.578 0.4109016018
