0.266 2.631268044
2.383 2.571620837
4.595 2.316310296
6.926 2.548405376
9.299 2.391877173
11.21 2.528493807
13.401 2.469809505
16.025 2.422752499
19.519 2.243433973
23.358 2.151070671
27.193 2.13655885
30.955 2.145509806
34.837 2.146924396
38.96 2.08977773
42.408 2.193935341
46.854 1.842688376
51.63 1.880927372
55.504 2.020749543
60.235 1.784857605
64.305 2.008581529
67.937 2.149359595
71.395 2.393053649
75.044 2.338206656
78.211 2.454241865
81.566 2.498185194
85.021 2.431145652
88.724 2.465618771
91.657 2.573798649
95.37 2.168810322
99.09 2.188051357
102.557 2.347770607
105.955 2.387703318
110.005 2.040056562
114.069 2.14959515
118.784 1.914824302
122.714 2.096407411
125.978 2.254787263
129.318 2.415428859
132.777 2.358765875
136.317 2.344438435
139.759 2.341847179
143.256 2.358733553
147.046 2.113772663
151.056 2.198796027
154.522 2.318588414
158.365 2.226542378
162.182 1.933409016
166.101 2.115568221
168.659 2.179282544
