0.633 1.097785531
1.24 1.112890334
1.787 1.106848797
3.227 1.089828621
4.696 1.107715207
6.386 1.23430428
9.094 1.30651585
10.867 2.379155181
15.061 1.840544771
19.953 1.666391178
25.687 1.424121664
32.533 1.164440626
40.253 1.076414746
42.383 1.363615347
43.032 2.012425577
44.203 1.99880467
49.522 1.696581502
54.754 1.490111169
60.559 1.436577564
66.285 1.415112829
68.242 1.815245663
70.227 1.853481443
72.246 1.858914215
76.333 1.889473484
81.298 1.663753526
86.609 1.563642202
93.397 1.332946333
98.888 1.365473967
103.663 1.707530019
106.693 1.948775228
111.954 1.527762097
115.615 2.214930774
119.6 2.094045726
124.007 1.979969276
129.427 1.674304144
135.099 1.428395807
138.973 1.900189266
142.686 2.171194139
146.429 2.19200419
150.439 2.031767083
155.073 1.719168391
161.902 1.196912224
164.166 1.531857539
166.572 1.532501635
168.923 1.546216283
172.422 1.61776592
174.418 1.62376454
176.61 1.49914249
178.241 1.456842208
