0.412 1.690589718
1.404 1.668883862
3.474 1.667517836
8.351 1.662399944
11.543 1.752206886
13.115 1.978522243
15.016 1.863972254
17.272 1.825376811
19.045 1.827326797
20.974 1.825640431
22.927 1.824528548
27.497 1.821235035
32.167 1.803868874
37.284 1.669019879
40.951 2.107169536
45.933 1.627995322
50.801 1.778788459
55.882 1.541380587
60.448 1.820255838
65.664 1.556514285
70.486 1.655518082
75.292 1.729480986
80.251 1.707983117
85.012 1.617710915
90.462 1.521813095
92.743 1.51381856
95.46 1.514015226
97.324 1.55985986
99.611 1.642517929
101.922 1.64387423
104.007 1.628495844
106.419 1.53822792
108.653 1.53909298
111.363 1.566108322
116.643 1.640702857
121.523 1.658983522
125.7 1.747225657
130.369 1.751715622
134.93 1.757194415
139.189 1.909307072
142.894 2.186463954
146.99 2.040642162
151.326 1.961925708
156.294 1.691450878
160.907 1.759196061
165.294 1.950563385
169.91 1.620695894
175.412 1.48524884
179.6 1.306075039
