0.458 1.5230538
0.897 1.522902563
1.355 1.534569128
1.793 1.525468248
2.931 1.506754346
5.003 1.499574483
7.36 1.498975462
9.172 2.242546498
12.317 2.459190408
15.595 2.533333151
18.891 2.538379494
22.112 2.518641946
25.719 2.340098687
30.027 2.007019162
33.307 2.331784982
36.562 2.538516486
40.291 2.440355055
43.414 2.548456926
46.807 2.503127574
50.049 2.552425907
53.185 2.466592773
56.528 2.5141927
59.867 2.535508537
62.931 2.515963368
66.26 2.500489084
69.606 2.521971062
78.148 1.05765534
81.666 2.121262623
85.444 2.125271571
89.424 2.056678831
93.478 1.980432348
96.992 2.295103505
103.059 1.369752263
107.298 2.036377306
111.134 2.429020189
114.435 2.472019155
117.667 2.260497392
121.454 2.134069793
125.042 2.247238723
128.344 2.467639218
131.534 2.511318028
134.835 2.518077809
137.995 2.555139891
141.685 2.439929141
145.251 2.295692101
149.152 2.173832868
153.746 1.608190524
157.574 2.130185487
160.39 1.91892925
