0.709 0.9800520107
1.407 0.9926294578
2.049 0.992784226
2.704 0.9866083035
4.339 1.010470241
7.189 1.078022612
10.303 1.12913103
13.898 1.13449505
17.045 1.047981275
20.232 1.091632139
23.514 1.093803723
26.877 1.047103418
30.281 1.047265319
33.915 1.132895965
36.626 1.172297213
39.751 1.132168897
43.032 1.119135033
46.062 1.119831779
49.4 1.118394814
52.589 1.119597347
55.558 1.169000291
58.66 1.168022329
62.096 1.130168498
65.179 1.097779901
72.159 1.172904252
79.153 1.129974047
86.773 1.17976251
93.74 1.060477974
96.837 1.199756962
99.836 1.242613591
102.703 1.167810643
105.985 1.193354635
108.702 1.227029401
112.068 1.186036453
115.235 1.225222491
118.288 1.182199599
120.795 1.141196419
123.801 1.210126201
130.328 1.238646562
137.384 1.146626382
144.145 1.18471997
151.021 1.194624682
157.659 1.2068543
160.885 1.143932386
164.093 1.12421083
167.368 1.160029617
169.906 1.242970201
170.955 1.250929072
172.134 1.309403379
