0.393 1.779568125
0.835 1.797214205
1.655 1.76099523
2.518 1.762362268
3.775 2.089898492
4.911 2.703860706
8.483 2.309430982
12.169 2.390189599
15.295 2.476716222
19.362 2.041150034
23.511 1.970926058
26.743 2.491361339
30.313 2.34410342
34.223 2.217343413
37.671 2.351633089
40.996 2.438769722
44.829 2.290704449
48.97 1.886862443
52.446 2.401954346
55.817 2.427314561
59.131 2.354822896
62.672 2.338446128
66.521 2.167686863
69.863 2.483907644
73.023 2.608752723
76.333 2.42888342
80.062 2.43862787
83.008 2.527679583
86.258 2.519839603
89.545 2.486821422
92.789 2.469474078
96.154 2.45974609
99.674 2.490078205
103.112 2.500278662
106.604 2.527725956
109.903 2.49444285
113.035 2.359851705
117.02 2.041355287
120.654 2.240894176
125.273 1.750233034
130.965 1.388851815
134.588 2.397002091
137.861 2.504864209
141.243 2.474304642
144.534 2.450873768
148.025 2.447631383
151.524 2.137343164
155.129 2.275301728
157.629 2.202686652
