0.415 1.673851206
0.857 1.682276087
1.223 1.678125595
2.181 1.648002723
2.574 1.670183663
4.427 1.643493932
9.401 1.640489097
14.26 1.795286772
18.335 1.90000571
22.685 1.887407272
27.299 1.799808257
32.05 1.68579074
36.493 1.875068809
41.137 1.869582462
45.408 1.861122794
49.821 1.857221293
54.496 1.857543978
58.733 1.858030929
63.245 1.8625301
67.56 1.888038274
71.879 1.776455015
76.562 1.74138535
81.118 1.833826525
85.539 1.837419357
90.042 1.835309339
94.364 1.841222701
99.244 1.843348415
103.537 1.73617187
108.193 1.73362764
112.75 1.813844286
114.597 1.82008359
116.64 1.843317777
118.47 1.869460468
120.574 1.866728242
121.989 1.867271857
124.086 1.775990293
125.672 1.738129931
130.316 1.734974639
136.721 1.257883862
143.101 1.27013729
148.834 1.39602104
154.143 1.55369734
159.039 1.635480133
164.694 1.478731688
170.201 1.468338826
172.645 1.567109938
174.684 1.568540061
176.721 1.565489423
178.277 1.522564413
