3.848 0.1815885841
6.429 0.2415287871
7.471 0.567305272
8.363 0.696569236
9.262 0.7263403267
9.965 0.7432764847
15.102 0.6651259601
19.212 0.9943633198
21.377 1.536193375
23.869 1.385789842
26.479 1.362883703
29.058 1.340868385
31.351 1.575818017
32.751 2.868485839
35.488 2.782312629
38.867 2.454469956
43.037 2.063687701
46.633 2.175088449
50.805 2.016187697
58.286 1.089095116
63.691 1.439430728
67.928 1.966407698
72.326 2.003691154
76.452 1.881990421
79.818 2.458171952
82.979 2.549062548
87.934 1.808187143
91.909 1.884234819
96.066 1.957114762
101.319 1.546856446
108.622 1.090199167
119.885 0.7283485552
124.976 0.6657471958
126.804 0.8710202426
127.965 1.422217858
128.967 1.423763844
130.942 1.409294539
133.643 1.326953284
137.068 1.00712597
139.277 1.601026689
141.199 1.884966108
143.831 3.216879291
147.526 2.180338985
152.022 1.872143408
156.636 1.745983632
161.625 1.700837277
165.407 1.976362021
170.866 1.49689785
174.783 1.378672281
