0.461 1.512831963
0.899 1.510973822
1.356 1.525568723
2.373 1.493935242
2.82 1.508552986
4.992 1.433215247
7.563 1.374774638
9.555 2.034367865
13.413 2.010418874
17.457 2.043217545
21.729 1.915360978
25.999 1.866439915
29.556 2.382843314
33.849 1.995190902
37.57 2.038082011
41.613 2.000120159
46.875 1.713304997
51.994 1.507410767
55.704 2.297724894
59.429 2.21548595
63.487 1.907299992
68.301 1.72689857
72.89 1.844469268
77.788 1.591635189
81.37 2.352933465
84.876 2.391059587
88.843 2.264484432
92.29 2.169572951
95.689 2.420736155
99.167 2.396499239
102.568 2.337994048
105.645 2.630640534
108.734 2.69155415
112.362 2.393344966
116.069 2.474533683
119.003 2.751806002
121.831 2.621479905
125.302 2.353513034
129.202 2.0931559
132.888 2.23045903
136.42 2.299954898
140.087 2.271690548
144.137 2.010399166
149.703 1.557411375
154.14 1.826263379
157.669 2.416487433
160.889 2.294668833
164.391 2.370162031
166.809 2.31655273
