0.565 1.234007094
1.082 1.255320985
1.539 1.238616511
2.083 1.248709429
3.372 1.226652577
5.866 1.219171235
8.691 1.215078594
12.315 1.129298394
15.371 1.074970966
18.692 1.039554276
22.231 1.025761942
25.455 1.089562592
28.34 1.247150591
31.724 1.236844712
34.278 1.2413399
37.044 1.258288114
39.969 1.260792728
42.62 1.264215309
45.618 1.265998264
52.085 1.260571123
58.265 1.254711323
64.826 1.244535049
71.536 1.24878681
77.717 1.2468418
84.361 1.243554654
90.652 1.256130919
93.912 1.253779046
96.268 1.254549211
99.204 1.252498096
102.221 1.250318395
104.923 1.246680433
107.866 1.24700739
110.561 1.245128549
113.729 1.237885041
117.089 1.237939688
119.993 1.265273085
122.252 1.269420736
125.067 1.269070916
131.538 1.236331335
138.071 1.237837319
144.439 1.240956678
151.05 1.24419493
157.434 1.250249822
160.594 1.254878374
163.563 1.254703118
166.529 1.255303527
169.081 1.255596879
171.632 1.253264024
173.493 1.256351797
