0.555 1.259284706
1.083 1.263543611
2.177 1.242759491
3.363 1.242119083
4.65 1.240569219
7.024 1.296065463
9.715 1.296457992
12.965 1.251869022
15.549 1.254841503
18.368 1.236124539
21.183 1.262932333
23.975 1.238660631
26.871 1.234906476
30.209 1.242024796
32.788 1.237319366
39.33 1.249255889
46.18 1.258770195
52.338 1.252151278
59.109 1.233988795
65.637 1.250354524
71.844 1.238126529
74.741 1.259080059
76.786 1.242035414
79.426 1.247745229
82.181 1.253812098
84.923 1.24483196
88.245 1.240188997
90.571 1.250100455
93.515 1.247317131
96.5 1.258119342
99.213 1.251965013
102.306 1.269753233
105.008 1.268639647
108.19 1.252784763
115.239 1.240485166
121.67 1.255270548
127.466 1.243194857
133.867 1.258519495
140.384 1.227535906
146.915 1.248484966
149.845 1.211815024
153.066 1.211136819
155.714 1.268394546
158.708 1.254878374
161.718 1.230041712
164.788 1.230772663
167.647 1.131876894
170.531 1.119957036
172.498 1.184216766
