0.323 2.160498043
0.676 2.167426868
1.322 2.132185401
2.077 2.122725896
3.861 2.119814928
5.31 2.123773698
6.999 2.121031399
11.129 2.1201184
14.741 2.166512604
18.624 2.114430316
22.575 2.091241254
26.321 2.106784279
30.243 2.143564577
34.334 2.10328027
37.961 2.102418309
41.978 2.119237955
46.022 2.12231227
49.738 2.112120628
53.675 2.138871309
57.488 2.121733569
61.199 2.11343715
65.195 2.084908703
69.271 2.087199374
72.887 2.123810419
77.063 2.10618617
80.806 2.119274735
85.181 2.085360692
88.757 2.128031955
92.543 2.128119697
96.396 2.126774357
100.284 2.083311951
104.162 2.129900107
108.124 2.082807556
112.374 2.140938336
116.421 2.140687618
120.259 2.126028737
123.689 2.112695639
127.621 2.095991403
131.479 2.105929204
135.266 2.124783835
138.99 2.131208207
142.975 2.101871984
147.018 2.068350923
151.02 2.111069127
154.867 2.103824302
158.889 2.101663366
162.43 2.134216565
166.282 2.12510286
168.928 2.118674765
