0.438 1.587408186
0.879 1.598627
1.75 1.56650356
2.72 1.564605446
5.546 1.358079234
7.102 2.00245598
11.823 1.740840057
16.906 1.706457478
22.065 1.51488468
26.796 1.722601641
31.954 1.603478518
35.973 1.977340896
40.486 1.836109604
44.943 1.95509351
48.967 1.980191176
52.723 2.156918372
56.733 2.170448303
59.152 2.161788977
60.914 2.157326461
62.61 2.147527661
66.29 2.118748777
71.328 1.646471526
75.681 1.936995387
79.546 2.144778928
83.652 2.013388859
87.411 2.117555475
91.657 2.148721061
95.122 2.152384433
98.926 2.136710062
103.155 1.943936475
106.855 2.157062566
110.613 2.15925819
114.844 2.066960681
119.171 1.99717023
123.48 2.01175471
127.474 2.064923302
130.849 2.137997383
135.052 1.929425903
138.835 2.13080461
142.786 2.060612512
146.884 1.97304307
150.965 2.158830258
154.92 2.019658937
159.108 2.015697261
163.169 1.997489993
167.779 1.828493117
172.024 1.774878885
175.961 2.081508177
178.516 2.130525124
