0.565 1.234007094
1.082 1.249898432
1.538 1.238616511
2.781 1.225001163
4.067 1.225670469
5.706 1.221065685
8.583 1.220361544
11.432 1.453441153
13.152 1.92841296
14.875 2.040421658
18.808 2.07300992
22.458 2.202924857
27.813 1.548309455
33.369 1.552099726
38.253 1.540875885
44.736 1.247892923
48.763 2.159989638
52.486 2.082833474
56.911 2.008832927
61.75 1.692463001
66.303 1.689432057
70.703 1.885790937
75.116 1.919447694
79.052 1.980010755
82.979 2.10074664
86.711 2.174595986
90.897 2.179732446
94.401 2.292289422
97.856 2.376538339
101.791 2.074166695
105.798 2.022211472
109.508 2.220471179
113.164 2.294489292
116.775 2.384622374
120.353 2.423533977
123.538 2.550282633
126.6 2.55032545
129.267 3.119025083
131.854 3.118761167
135.792 2.056366015
140.194 1.83115718
144.607 1.892370072
148.823 1.919928758
153.21 1.919600066
157.426 1.920327479
161.873 2.003407706
165.318 2.141107197
168.944 2.268219578
171.428 2.207245192
