1.358 0.5103667074
2.569 0.5153187657
6.861 0.5052590906
8.06 0.5148285537
9.327 0.5108797088
13.272 0.5047963252
20.462 0.4735270437
30.167 0.4106005298
31.332 0.5143011778
32.443 0.5169048536
33.565 0.515733136
34.953 0.5126352466
37.747 0.5332430676
45.325 0.5151316098
51.067 0.5610756077
56.866 0.5985477189
64.645 0.4668026561
66.074 0.4231409644
67.615 0.4216383904
68.993 0.4215831495
70.725 0.421019928
74.134 0.4523921144
77.531 0.4550234594
84.99 0.453883873
92.032 0.4851351386
99.589 0.4523775157
101.361 0.4194717001
102.427 0.424930701
103.847 0.4398434698
107.439 0.4491254557
114.727 0.4526751021
122.496 0.4640217017
129.912 0.4648573685
131.337 0.4691005345
132.852 0.4737480083
134.207 0.4717081143
135.374 0.4776029171
138.251 0.4794634046
141.4 0.489305843
149.001 0.4643707677
158.082 0.3582958469
159.988 0.3637771661
161.527 0.3945436194
163.008 0.4709332396
164.468 0.4720929752
172.684 0.4492600252
179.986 0.4269758077
186.678 0.4818180638
191.335 0.4851909684
