4.234 0.1647346863
6.699 0.2560632628
8.352 0.3489060593
10.124 0.3487047442
11.73 0.4166873567
12.752 0.515077564
13.952 0.513234542
14.891 0.7589873702
18.144 1.016092031
21.602 1.003940485
24.046 1.499698283
26.415 1.48305521
33.577 0.4984366358
44.536 0.354179602
55.576 0.2808471637
56.516 0.5886450761
57.545 0.5911440666
60.653 0.4625846642
61.821 0.5743888063
63.252 0.98232622
65.39 0.694463838
73.176 0.4645821033
79.774 0.5493922542
83.114 0.9871354177
86.813 0.9306646501
89.342 1.386732557
92.302 1.387584987
94.91 1.130804582
98.284 1.108598958
101.877 1.108974733
104.781 1.135167438
107.297 1.491066795
108.787 2.39601156
112.328 2.503221898
115.828 2.523267886
119.717 2.106374483
123.195 2.111446263
126.913 2.217607784
131.673 1.702906495
136.573 1.642554088
140.65 1.943704139
146.135 1.553103419
165.35 0.4125242839
171.564 0.5929351663
176.833 1.047883032
180.032 1.173821743
181.379 0.9788560597
182.848 0.8210595594
184.08 0.8271581332
