0.838 0.8338297008
1.614 0.8411380434
2.339 0.8431425193
3.109 0.8403378864
5.767 0.9579731943
8.812 0.9968733685
13.153 0.79626427
19.692 0.6109089809
24.473 0.6829363443
28.885 0.7800235159
33.507 0.7803117629
36.516 1.175511553
39.603 1.177910792
42.628 1.415288167
44.461 1.747386412
46.848 1.46934885
49.336 1.484020165
51.59 1.514733377
54.162 1.500787158
56.486 1.513675885
61.641 1.511402265
67.056 1.516048782
72.123 1.649675049
82.117 0.7676939922
86.048 0.8757617801
89.738 0.9308729599
93.508 1.087016903
95.167 1.810158297
97.703 1.453783446
99.858 1.774901858
102.104 1.480113534
105.149 1.211682607
107.868 1.336630079
110.801 1.334856278
114.981 0.9375013654
120.17 0.6828340743
124.204 0.6828211262
127.702 1.036276073
130.571 1.225494835
133.438 1.225281311
137.077 0.8987144912
141.831 0.8436952219
146.847 0.6700319969
152.466 0.6545318638
157.42 0.7300697841
161.636 0.8892242612
164.673 1.048887957
166.981 1.389320048
168.448 1.556611975
