1.257 0.5538377456
2.368 0.5618475475
3.368 0.5605807483
4.471 0.5607686381
8.97 0.5496745241
12.927 0.7685464272
16.478 0.9723434937
20.205 1.069007938
22.858 1.246949418
25.303 1.42231903
27.625 1.578950631
29.849 1.595376362
31.451 2.284016387
32.959 3.057291806
35.497 2.993330722
38.279 2.993077008
40.955 3.215114814
43.319 3.313434913
45.667 3.651777628
47.385 4.772322799
49.768 3.351254139
52.591 2.904808215
57.226 1.910571635
60.523 2.36566313
64.098 2.330017471
67.871 2.137788738
72.184 2.084385085
75.229 2.512958598
77.668 3.358720216
79.545 4.367792156
83.037 2.289640545
89.699 1.24949254
95.036 1.561307656
99.497 1.939340631
103.516 2.19824772
107.029 2.331111895
110.298 2.240637358
113.922 2.272495942
118.829 1.647415353
122.845 2.027123634
130.26 1.095981862
139.105 0.9264436312
145.507 1.255420252
150.653 1.638404185
153.428 2.904839362
156.3 2.991841584
158.834 3.003191527
161.399 3.215358198
163.107 3.330858454
