0.614 1.132723429
1.23 1.143681767
1.774 1.143338317
2.324 1.144856368
3.79 1.116602783
6.585 1.119749905
8.366 1.92139068
12.572 0.9470922664
14.38 1.79832161
17.257 1.191915316
21.492 0.838320551
27.941 0.5396125932
30.512 1.408781307
34.388 1.075982408
36.319 1.691299853
38.442 1.689895799
40.828 1.550573894
64.716 0.322567751
69.934 0.298570099
71.703 0.3232744324
73.652 0.3298541956
75.542 0.331641373
77.436 0.3452723008
81.171 0.3542424619
85.863 0.2910878003
92.764 0.3245881635
94.882 0.3351202834
96.353 0.3394561347
98.45 0.2887097864
100.53 0.2854457024
104.632 0.3387859611
109.131 0.3405116126
113.448 0.3286317789
121.03 0.2058732655
126.203 0.1354665304
131.038 0.1309319683
133.524 0.2319009901
134.939 0.363210534
139.855 0.3048621327
148.656 0.1688776789
151.207 0.2292332389
154.058 0.2270178016
156.561 0.2295496026
159.119 0.2661711541
161.409 0.2909950142
166.378 0.3055512329
172.842 0.3147600199
174.485 0.2920985019
177.636 0.3118437639
