0.814 0.8549126262
1.596 0.8637357819
2.324 0.8627179675
4.108 0.8475723184
6.03 0.8490640131
9.556 0.8692107638
13.06 0.9796968767
17.385 0.9253200304
20.684 0.9727811467
24.135 0.9959983833
27.656 1.017699184
31.082 1.015023807
34.454 1.055425013
38.112 1.131898112
40.459 1.360720764
44.136 0.9483204262
46.488 1.584044432
47.92 1.65743279
50.24 1.650461349
52.397 1.648773636
57.019 1.685304169
62.652 1.461317779
66.476 2.195913452
69.401 2.629059924
73.224 2.187171549
77.43 1.900199016
82.01 1.980165831
85.537 2.141075934
89.523 2.133265607
93.444 2.099045878
97.252 2.099448716
100.964 2.187039502
104.725 2.193225502
108.688 2.192819801
112.723 2.193192986
116.417 2.210292071
119.735 2.21423605
123.806 2.099296514
127.834 2.023259539
132.117 1.897507219
136.85 1.692091953
141.764 1.674739713
147.538 1.379141556
153.586 1.382163477
158.355 1.70346291
163.317 1.702916964
169.166 1.31153402
175.687 1.238740224
179.531 1.436612173
