0.495 1.408824765
1.025 1.411470668
2.05 1.392633368
3.136 1.39161091
4.31 1.394228065
6.562 1.386530711
9.301 1.2530498
13.884 0.8842500089
16.192 1.454488455
18.608 1.47861787
21.056 1.493292054
23.082 1.729604683
27.574 1.841457896
32.102 1.883311038
36.213 1.862982058
40.767 1.796786579
45.62 1.770284586
50.318 1.662469948
55.376 1.664380616
60.216 1.669220688
64.842 1.747809115
69.455 1.782016398
74.334 1.713650419
77.929 2.163084296
81.71 2.196621926
86.338 1.729781345
91.566 1.729234667
95.174 2.058749972
99.239 1.969738177
105.136 1.429304145
110.224 1.567365103
114.566 1.876292931
119.998 1.513187146
122.857 1.404471321
125.933 1.262927882
128.792 1.263906699
131.065 1.26056843
133.897 1.253127814
136.71 1.254142767
139.574 1.254592136
141.17 2.049507437
145.063 2.107869543
148.386 2.406349733
151.533 2.72778595
155.455 2.052471541
160.104 1.819336717
164.184 1.835619582
168.268 2.025748797
170.93 2.036160513
