0.963 0.7186353744
1.828 0.7261015983
2.648 0.7245389059
3.521 0.7272358061
4.466 0.7211706446
6.48 0.6098539517
10.979 0.7611746581
23.744 0.3103083142
25.401 0.3652040937
27.048 0.3470300191
28.851 0.31441895
31.236 0.2768425808
36.607 0.2774305149
40.428 0.4619350925
43.252 0.463490253
46.304 0.4608212103
56.372 0.3625875627
59.154 0.5136214024
60.385 0.5377363738
62.774 0.5589242589
71.637 0.3766985264
73.576 1.903119403
75.582 1.824995861
77.966 1.380732087
80.127 1.736950301
81.97 1.913549185
84.206 1.821915502
89.418 1.437735427
93.681 1.904080237
98.551 1.66387783
101.644 2.587339036
104.264 3.119584265
106.623 3.514457079
109.985 2.590118151
113.665 2.41195767
117.079 2.507777922
119.902 2.553973984
122.881 2.7783733
125.812 2.730391184
128.91 2.656510106
131.861 2.746094609
134.929 2.688893809
138.049 2.592912984
141.306 2.578656759
144.164 3.081507954
146.735 3.301546244
149.357 2.857325585
151.905 3.205073166
153.785 2.997585376
