0.305 2.27688851
1.067 2.254768622
3.631 1.923965093
12.11 0.9609880115
14.302 1.775649573
15.509 2.706316529
18.075 1.364747918
23.715 0.705786239
26.863 1.047635178
29.676 1.23119974
31.355 2.135489736
32.757 2.531535637
34.392 2.531957778
37.531 1.27572633
40.197 1.183189638
43.22 1.181241233
46.354 1.182433693
49.195 1.184662026
52.126 1.307447318
53.873 2.064930443
57.584 2.0639933
61.933 1.916595761
66.639 1.785870396
71.023 1.763683901
76.013 1.660018569
81.289 1.511722036
86.979 1.602075915
90.831 1.919739898
98.65 1.052075605
103.253 1.778577318
106.85 2.221061314
111.701 1.667554853
117.568 1.418629411
122.092 1.899073009
126.128 2.189836058
130.946 1.68527764
136.001 1.432192391
139.519 2.482232205
142.81 2.480389741
148.004 1.566793498
155.696 1.036316887
158.121 1.04100184
159.544 1.046149141
161.184 1.041694207
162.646 1.041467755
165.463 1.334648617
166.912 2.200871738
168.438 2.203078537
170.941 2.195432023
