0.342 2.0307384
0.693 2.037686528
1.064 2.032105213
3.018 1.82037705
7.284 0.8905972397
10.871 0.8388666943
14.376 0.976006335
18.28 1.02113365
21.374 1.037357528
24.817 0.9992188366
28.409 1.002235292
32.084 1.010515262
37.087 0.7090705191
42.913 0.6779048651
46.492 0.8799823884
50.435 0.9008048959
54.145 0.9911193108
57.833 0.9123636374
62.073 0.8852836056
66.146 0.853887738
70.014 0.921237174
73.511 1.047501157
77.121 1.027308654
80.443 1.008255524
84.134 0.9239710731
88.172 0.8526720938
92.876 0.861012744
95.797 0.9799258608
99.587 0.9870340966
103.556 0.9955222985
106.888 0.994444202
110.58 0.9969755797
115.239 0.7122717186
120.826 0.7010850833
127.391 0.5906171555
132.457 0.7120528919
136.786 0.6384465958
140.501 0.9505075116
144.216 0.991468101
147.944 0.955137887
151.26 0.9849267697
155.127 1.0012234
157.443 1.005339926
161.123 1.005225823
164.785 1.000594941
168.482 0.9967075757
171.614 0.9983922197
175.065 0.9968965259
177.343 1.001579018
