1.631 0.427726684
3.104 0.4270870656
4.46 0.4295779805
5.896 0.4301729657
7.477 0.4272289905
8.648 0.4297810964
10.083 0.4287244934
11.67 0.4251526886
19.317 0.4199416626
28.085 0.3935335127
38.806 0.331292333
40.928 0.3246594379
43.28 0.2705514389
46.357 0.2264803893
48.777 0.2292872123
51.163 0.2273423758
53.632 0.2300875397
59.471 0.2458864601
60.761 0.5071479073
61.872 0.5072873716
64.808 0.5012343601
76.764 0.3005264253
86.892 0.3599636943
88.109 0.4803232157
89.394 0.4775794863
90.687 0.5027175684
92.049 0.5176800706
94.153 0.5134224704
97.172 0.5081311961
102.853 0.4267497084
109.38 0.5057361781
116.893 0.4759659525
124.77 0.426606179
125.823 0.6190980578
126.997 0.6263260053
128.087 0.62350517
130.276 0.5575375118
133.502 0.4272219981
138.949 0.425945142
146.51 0.4641217086
152.832 0.516604528
162.079 0.4175053337
163.469 0.413259537
164.91 0.4716262981
168.162 0.5056529985
171.14 0.5066802526
173.589 0.5257903173
175.964 0.5246375182
177.847 0.5259994538
