1.052 0.6636269748
1.992 0.6705712328
2.907 0.6678035102
3.891 0.6691579466
4.59 1.081755967
5.455 1.614368158
7.672 1.559350862
10.136 1.630016235
13.046 1.116985676
17.373 0.80305752
20.102 1.298587183
23.124 1.175511553
24.899 2.097649356
28.97 2.138352654
32.81 1.965063266
40.13 1.110622971
46.665 1.320644928
52.54 1.315586728
59.106 1.271992762
66.04 1.175252655
73.996 0.9635813271
75.684 2.254520258
77.438 2.211742527
79.571 1.579224899
81.798 1.530075781
84.404 1.354949785
86.449 2.06634173
88.398 1.492183401
90.472 1.844274719
94.953 1.812618992
99.836 1.630436837
105.053 1.554632283
112.424 1.11430489
122.292 0.8703517865
125.544 1.222083912
129.52 0.8984474949
132.443 0.9625426667
136.416 0.9032895447
139.832 1.021430872
143.401 0.9940895183
145.871 1.359358275
148.351 1.565773597
150.943 1.408785224
154.065 1.187425063
157.497 1.05661166
160.818 1.142612845
163.025 1.464466313
166.148 1.037981942
168.468 0.9900052161
