0.604 1.148108467
1.212 1.166739867
2.463 1.140644638
4.253 0.8183120543
6.068 0.8767825978
10.465 0.6892561874
14.624 0.8231177571
19.958 0.7543773742
23.923 0.8136033135
28.215 0.8116863616
32.615 0.8141119463
37.064 0.7875628985
41.312 0.8411639046
43.632 1.899135452
45.316 1.901791434
46.965 2.209696437
48.608 2.247363037
50.171 2.251910523
55.015 1.719109468
59.606 1.785902632
67.174 1.01651117
74.363 1.13385161
78.533 2.004177133
82.457 1.976407928
86.563 2.007426207
90.936 1.8101526
95.578 2.036276563
99.744 1.773960375
105.609 1.369440254
107.543 1.308808349
110.135 1.292302788
113.058 1.247884021
116.96 1.314831983
119.792 1.385771991
122.63 1.405216516
125.078 1.482741896
126.939 1.482494638
131.031 1.389084992
137.171 1.310425486
143.015 1.377059319
149.003 1.332231392
152.285 1.202731454
154.971 1.241173729
157.934 1.241972529
161.69 0.9701172056
164.561 1.333187323
166.674 1.502199281
168.686 1.593218233
171.908 1.668555815
