0.588 1.182230572
1.204 1.198142803
1.755 1.190432344
3.034 1.173454084
6.295 1.169207288
8.967 1.16849196
11.896 1.170325873
15.393 1.168782012
17.892 1.337369022
20.489 1.374582484
23.095 1.408459588
25.614 1.42128698
28.224 1.516122802
31.197 1.335843717
33.917 1.175905669
36.548 1.357796862
41.763 1.654719087
46.402 1.668625903
51.461 1.668751716
56.277 1.683583342
60.66 1.744192959
65.557 1.670594407
70.802 1.591836317
75.168 1.786475869
80.036 1.754927937
85.121 1.564266909
91.814 1.350522316
96.624 1.559049128
101.408 1.691524199
106.165 1.73003244
111.428 1.507833491
116.819 1.506269853
122.211 1.53948356
124.762 1.573145573
127.134 1.644363662
129.096 1.861682296
130.666 1.864843667
132.587 1.859006438
135.904 1.062198226
139.28 1.062763188
142.333 1.060136981
145.196 1.470933143
147.558 1.469709061
150.077 1.470902909
152.768 1.345575619
158.961 1.359618214
162.592 2.037640285
167.051 1.846553326
170.114 1.777568128
