0.408 1.711989588
0.85 1.717219507
1.214 1.728302108
2.675 1.686899005
4.984 1.636167833
7.252 1.392361915
9.862 1.323977147
12.679 1.427665324
14.613 1.670478841
19.217 1.791842346
24.318 1.615655214
29.482 1.542786199
35.21 1.469675713
40.144 1.751572808
44.433 1.76888313
49.269 1.683094597
57.518 1.03863892
62.535 1.030640829
67.095 0.8220915111
73.544 0.5451442579
77.047 0.4241782664
78.152 0.5817693064
79.178 0.6493619629
81.419 0.5866125172
84.323 0.4822452426
87.159 0.5202028296
90.117 0.5512550724
94.383 0.680064294
98.903 0.8087767095
103.462 0.8198948047
107.35 0.8495944581
111.581 0.8558895948
115.545 0.840040797
121.062 0.7088276022
127.868 0.5667609235
141.176 0.2690317071
142.833 0.3154271843
144.429 0.3176841447
146.18 0.3336904419
147.723 0.3797915972
151.017 0.4065796283
153.248 0.6759090715
156.679 0.4131508398
169.118 0.2933231209
171.138 0.3671834252
172.763 0.3945539294
174.155 0.3961872653
175.538 0.343859907
178.904 0.3115376346
