0.585 1.19055614
1.199 1.210675678
1.751 1.195905596
2.294 1.212059677
7.083 1.178442067
9.751 1.179594022
12.629 1.196943092
16.171 1.141388683
19.147 1.083045176
22.47 1.045951533
25.869 1.041966229
29.055 1.086786637
31.783 1.320567405
34.926 1.36565532
37.172 1.416208913
40.302 1.112003971
43.745 1.081112706
46.581 1.191948298
49.622 1.265998264
52.18 1.392802699
57.746 1.398054057
63.595 1.400155741
69.612 1.401021078
75.141 1.401260837
80.994 1.407769296
86.652 1.41399786
92.995 1.418682732
98.225 1.435203707
100.835 1.435330027
103.451 1.430695428
105.784 1.431211105
108.393 1.432121839
110.847 1.409901449
113.652 1.408065946
116.499 1.370893699
119.329 1.293711426
121.7 1.292413104
124.511 1.294480567
130.763 1.291659426
137.036 1.284029736
143.786 1.176721111
150.437 1.246485211
157.144 1.19119033
160.762 1.024557089
164.296 1.027692586
167.922 1.102605875
170.821 1.103579971
173.776 1.101924826
175.837 1.104368734
