0.893 0.7763902266
1.764 0.7820310458
2.493 0.7822841119
3.357 0.7876736592
4.066 0.9573966196
7.116 0.9962067865
10.493 1.029400325
14.296 1.071330606
19.033 0.6870780419
25.154 0.5651442198
29.713 0.780137625
34.608 0.713764911
38.916 0.8389598067
43.262 0.950973105
46.865 0.8623529444
50.913 0.8606186123
54.019 0.7676106715
59.558 0.6068419773
66.585 0.5293080195
71.216 0.7512121246
75.044 0.8922393937
80.215 0.6976485227
81.284 0.6384826001
82.125 0.6440560351
84.367 0.6293901239
86.867 0.5812142726
89.884 0.5420108908
94.21 0.6606293341
99.138 0.7514988574
103.339 0.8824882811
107.347 0.8283654278
111.642 0.842084924
115.57 0.8562080321
119.201 1.075715185
123.316 0.9541420147
127.874 0.8234364001
131.247 0.8162199555
135.902 0.7624402905
140.861 0.6986181803
145.455 0.7654621191
149.393 0.824246925
154.288 0.8001382388
160.354 0.5567568695
168.278 0.4650621137
169.393 0.5866613365
170.548 0.5900712383
174.953 0.2851785371
177.671 0.4469654755
179.134 0.6805282425
