0.997 0.6978698528
1.957 0.7031627872
2.771 0.702049844
3.657 0.7042051959
4.6 0.6987894867
6.446 0.6937624286
8.423 0.6918272273
14.245 0.6909510053
18.806 0.7085636184
23.662 0.7182215259
28.573 0.721824633
33.291 0.7327700321
38.302 0.7230452204
43.761 0.7229036129
48.086 0.7177498438
53.191 0.7040943743
58.393 0.7103478585
63.142 0.7144968758
68.354 0.7163047306
73.122 0.7315401869
75.176 0.7379569532
77.26 0.7323807347
79.392 0.7242015815
81.288 0.7274262158
86.111 0.7265946115
90.832 0.7323973299
96.437 0.7269141899
100.431 0.7225792025
105.641 0.7081148725
110.826 0.7128189906
115.433 0.7216457592
120.421 0.7261669134
125.073 0.7241794728
125.977 0.7152403444
126.962 0.718016357
128.947 0.7096503173
132.87 0.7066673683
137.767 0.7220711665
142.588 0.709916983
147.719 0.6939494191
152.213 0.728526714
157.531 0.7323585685
162.229 0.7166429184
167.426 0.7106382632
172.777 0.704825324
178.008 0.7054718549
179.864 0.7109705099
181.576 0.7085310813
182.994 0.6985025761
