0.175 3.977858161
0.583 3.935378656
1.437 3.919567735
2.95 3.916143719
5.125 3.916164199
7.048 3.916574442
9.155 3.916677727
11.51 3.694117837
14.048 3.129604166
17.348 2.488792747
20.873 2.333257919
24.835 1.992454329
29.138 2.036280126
33.298 2.069339806
36.577 2.354602323
40.009 2.353462962
43.839 2.2827229
47.267 2.281316712
50.929 2.281856628
54.56 2.257887595
58.186 2.120525257
61.597 2.61404601
65.531 2.159754919
70.857 1.448512345
77.639 1.209710141
84.731 1.11660062
87.825 2.961364652
91.933 1.82108395
96.173 1.909575418
99.093 2.790239495
102.215 2.792304082
105.17 2.789544449
107.71 3.254802702
109.991 3.892882384
112.617 3.418621006
115.85 2.535686421
119.203 2.166538611
123.169 2.069920507
127.062 2.060552225
132.978 1.405919843
138.059 1.554578038
142.391 1.898116582
146.406 2.025879652
150.248 2.209389798
153.86 2.225870995
158.406 1.859415564
162.47 1.842574443
167.072 1.758255755
170.404 1.719118112
