0.558 1.243080675
1.08 1.249898432
1.532 1.247527421
2.076 1.248709429
2.614 1.233157918
5.159 1.220669602
7.973 1.219919544
11.249 1.218609604
13.942 1.207552082
17.023 1.129724986
21.16 0.8640130246
25.418 0.8140529674
29.912 0.8020845522
34.915 0.8192190752
37.602 1.184106484
40.313 1.321226727
42.96 1.410110141
45.809 1.177043621
49.215 1.114324223
51.546 1.54221017
60.506 0.8532657861
68.43 1.036846887
75.253 1.226543316
78.065 1.182838875
81.256 1.064082647
84.091 1.214765723
87.499 1.219418475
90.022 1.173627394
93.418 1.095509233
97.025 1.03497984
99.618 1.301101004
102.505 1.365473092
106.334 0.8847406298
110.436 0.9589293732
114.154 1.049949947
119.297 0.6914400965
123.134 0.7320417635
126.17 1.180660835
129.432 1.050641827
133.181 0.9449685238
136.537 1.020496193
140.529 0.9751045288
145.622 0.6601036092
148.948 1.127204065
150.991 1.801576245
161.304 0.8199601161
168.668 1.005617896
172.057 0.9439877747
173.466 1.641497226
