1.211 0.5760101255
2.328 0.5845484585
3.329 0.5825519982
4.427 0.5834030937
5.584 0.5789970033
7.744 0.5939580091
12.51 0.7209327616
18.327 0.6922848876
23.075 0.6832305233
28.382 0.6481110548
33.974 0.6419017072
39.426 0.6327665565
40.458 0.642232739
41.572 0.6406097601
43.6 0.6380362007
49.083 0.6417245867
54.778 0.6485896212
59.909 0.649299388
65.819 0.635407638
71.372 0.6315096964
76.68 0.6320666717
80.396 0.6269337971
81.489 0.6404946251
82.419 0.6489537997
84.641 0.635062995
86.968 0.6305136975
89.548 0.6287240265
94.09 0.632905437
99.976 0.6303949474
105.733 0.636784965
110.964 0.6334274143
116.575 0.640488912
121.792 0.6382551151
128.102 0.6245637955
134.448 0.6150794615
136.629 0.6477208905
138.578 0.6469368095
140.707 0.6472063763
143.006 0.6487983424
145.365 0.651071876
150.404 0.64235216
156.554 0.6332268241
161.736 0.6465105755
167.392 0.6511203929
173.23 0.6263601343
179.324 0.609736816
181.646 0.5589654667
182.567 0.5300656328
184.755 0.4531456503
