1.336 0.5205818994
2.543 0.5270518888
3.63 0.5254736711
4.835 0.5270305067
6.106 0.5227402007
7.14 0.5284035302
15.545 0.4066889474
26.816 0.353842778
28.034 0.514773447
29.144 0.5169048536
30.302 0.4982011314
32.501 0.3129395121
37.343 0.3095175678
42.346 0.3313202693
45.543 0.406135774
53.935 0.4146182399
57.185 0.4283959871
58.542 0.4353058561
60.077 0.4338296273
63.196 0.4289803421
66.896 0.4274576702
70.581 0.4214976685
79.38 0.4129262424
87.47 0.415012644
95.801 0.4054078686
97.411 0.3938069535
99.281 0.3920091844
100.396 0.3967922956
101.885 0.4295914792
105.375 0.4589492103
108.327 0.4628152779
110.14 0.3462175319
112.615 0.2338081265
115.567 0.232220891
133.12 0.2192170051
136.147 0.2123612753
138.617 0.2133084924
140.966 0.2132581499
143.615 0.2154916589
146.024 0.2504101689
151.396 0.247534323
154.009 0.2499174803
156.491 0.2528699508
159.098 0.2666140346
161.346 0.3015894929
172.994 0.3171774998
174.323 0.4386601711
175.451 0.4404845409
177.915 0.4365240767
