0.488 1.42665799
1.02 1.435987528
1.478 1.43706888
1.917 1.43107046
4.693 1.387558499
6.996 1.367441257
11.201 0.8243264469
14.958 1.084586002
17.434 1.311926931
20.067 1.333075483
22.715 1.344537191
25.411 1.314020038
28.401 1.304910437
31.443 1.316232492
33.802 1.336911126
36.484 1.337697025
42.984 1.338494286
48.804 1.346811097
55.057 1.344672146
61.086 1.343989718
66.883 1.339318512
73.179 1.314023778
80.262 1.190323008
82.756 1.332632814
85.321 1.332331643
87.978 1.315284978
91.064 1.314698054
93.259 1.316018025
96.091 1.303952071
98.99 1.308934115
101.506 1.358782605
104.392 1.372334766
106.91 1.374580327
109.819 1.37488767
116.348 1.334186718
122.653 1.279437477
128.22 1.298111482
134.279 1.339564521
136.958 1.331199195
139.833 1.229633997
142.702 1.230020257
145.916 1.230683895
148.709 1.22503063
151.794 1.218578495
154.845 1.219528535
157.896 1.227464135
160.312 1.347002581
162.765 1.341371636
166.793 1.341560851
