0.314 2.224460156
0.669 2.234374417
1.304 2.193104984
3.003 2.183307569
5.046 1.914071404
6.778 1.786363608
8.58 1.905089289
10.465 2.127637157
13.922 2.241460856
17.797 2.131184914
21.775 2.091241254
25.793 1.964920413
29.93 2.046930657
33.786 2.24141944
37.236 2.241400288
41.624 1.856360073
46.599 1.814023246
49.979 2.346297556
53.518 2.354038471
57.642 1.992121834
61.825 1.845594592
66.577 1.73578484
71.602 1.690166153
76.024 1.763683901
80.956 1.680250153
86.159 1.580686344
91.487 1.690202246
95.694 1.796993177
100.058 1.868678416
104.245 1.947699236
108.077 2.088293303
112.086 2.061211378
116.17 2.058607215
120.306 2.07816956
124.666 2.113283443
128.371 2.179484502
131.568 2.261929446
135.253 2.192649804
138.955 2.178766723
142.706 2.160436501
146.899 1.918504453
151.43 1.840506702
155.469 1.995153469
159.48 2.18714369
163.207 2.139125278
167.36 2.066323824
171.137 1.959374757
175.202 2.008994483
177.966 2.010823674
