1.637 0.4274563131
3.109 0.4274024918
4.465 0.4299330037
6.122 0.3694264957
8.447 0.2815872411
9.911 0.3505602525
11.646 0.3611168943
13.476 0.3790487921
19.398 0.5442167301
24.94 0.6288091902
31.781 0.5193577028
37.63 0.5895836281
56.349 0.1891184701
61.073 0.1487206114
62.24 0.4748774351
63.431 0.4750469035
64.672 0.4761847388
67.724 0.4672588104
71.251 0.4428161755
74.928 0.3656191761
80.553 0.2645941735
82.403 0.3748436974
84.193 0.3750005431
85.651 0.3959973302
89.074 0.4040787182
97.287 0.4143826998
107.642 0.3931445388
108.639 0.4645590697
109.981 0.4637635287
111.213 0.4782877947
112.471 0.6137849554
114.711 0.6846240376
119.664 0.6803306227
129.048 0.4220340124
136.424 0.5235347131
145.98 0.3728108739
148.795 0.1848727304
151.552 0.1837758479
154.676 0.1826324815
157.062 0.2686152413
161.617 0.2906373145
163.12 0.4420346622
166.84 0.3852088264
169.196 0.2888418833
171.486 0.296551005
173.292 0.3465552267
176.977 0.3507265517
195.412 0.1716481778
197.307 0.2676955004
