0.753 0.9238195182
1.446 0.9333918934
2.084 0.9322919972
2.759 0.922093247
3.477 0.9253376765
5.644 0.9133502174
9.359 0.9276226555
13.616 0.9403192585
16.513 1.13700334
19.61 1.135384931
22.784 1.140181571
26.022 1.101164905
29.409 1.072131893
34.377 0.7950597995
38.244 0.8416906733
42.256 0.8735355541
51.032 0.4129284405
55.045 0.8423792111
59.342 0.8708051584
64.033 0.7450226058
67.639 0.9445895262
71.06 1.06412816
74.503 1.06278537
78.517 0.8766848385
83.392 0.7006829094
93.317 0.3462556632
102.604 0.4382806471
103.113 1.068365819
103.763 1.06200124
105.289 1.019677712
107.574 0.9840714138
111.34 0.9543629138
117.881 0.5252265289
122.917 0.7728397276
126.934 0.9761043628
130.4 1.038489444
133.109 1.048118551
136.339 1.118620343
139.44 1.118436385
143.299 0.9154773083
146.929 0.9115422744
151.704 0.8491444783
155.775 0.8349942818
160.058 0.8560571517
163.455 1.068960433
167.422 0.9376112076
170.866 0.9243266288
174.115 0.9853518713
176.397 1.023202451
