0.361 1.932102535
0.712 1.955077614
1.494 1.916148995
2.357 1.914167362
3.686 1.910670376
5.277 1.906368841
9.472 1.930080005
14.043 1.880493539
18.479 1.751574566
23.067 1.772164745
28.04 1.641238061
33.321 1.502475167
39.586 1.331997826
42.145 1.720323502
43.289 1.821625447
45.805 1.377404037
50.451 0.7951748916
52.559 1.619737018
54.684 1.774843944
60.57 1.36969005
65.78 1.471535952
70.882 1.597100117
78.787 1.062930579
81.244 1.398547985
85.1 0.8845750607
88.592 1.000819755
92.113 1.179202083
93.698 1.897864487
95.96 1.682225476
98.016 1.81483715
102.786 1.681715017
107.53 1.731524773
112.292 1.740714645
117.548 1.657433361
122.463 1.771024829
127.247 1.68527764
133.181 1.217131628
141.774 0.9352327874
143.853 1.106913431
147.118 1.082031792
151.163 0.809617796
155.418 0.9108119225
157.452 1.70188819
159.743 1.626777668
162.025 1.615543915
164.412 1.591692054
166.35 1.681188205
168.488 1.671906123
172.17 1.459815052
