0.557 1.25228868
1.083 1.258049943
2.175 1.235698357
3.371 1.235644092
4.659 1.235562886
7.137 1.231262189
10.17 1.140988436
13.305 1.276582294
16.064 1.200696185
18.87 1.233433412
21.796 1.213396979
24.637 1.256446995
27.424 1.298655335
30.744 1.26900756
33.5 1.136971293
40.589 1.149365632
47.941 1.179944464
54.185 1.241799565
61.099 1.217977145
63.943 1.263251565
66.903 1.150348188
70.14 1.137727802
73.337 1.228913595
76.07 1.227027949
78.833 1.232075038
81.642 1.238427091
85.028 1.209474561
87.29 1.298446882
90.211 1.296476889
93.346 1.19751709
96.01 1.251482746
102.851 1.186758066
109.813 1.182534238
116.677 1.259207699
123.794 1.213994816
130.417 1.227637591
132.73 1.228583005
135.649 1.231903349
138.376 1.272079321
141.315 1.194416737
143.276 1.136144306
146.5 1.200459291
149.323 1.220947194
152.6 1.138897789
156.093 1.119272345
159.249 1.204396065
161.734 1.278454249
164.54 1.159130791
166.555 1.151168856
