1.033 0.6748861151
3.363 0.6680043915
7.928 1.077677552
10.167 2.620440931
11.415 3.074258962
12.267 3.905182829
13.213 3.701316332
14.839 2.573150221
19.289 1.745576023
23.89 1.803860068
27.787 2.139952009
31.686 2.068884456
34.698 2.8407973
40.572 1.468355275
44.015 2.192001222
47.328 2.486484781
50.031 3.499112219
54.282 1.835328586
59.27 1.700704343
63.54 1.897415947
68.554 1.534946261
73.312 1.722489467
76.416 2.746168934
81.544 1.510978001
90.081 0.9605681377
93.406 1.059339866
96.031 1.591009246
97.942 1.540265771
100.532 1.43646963
103.351 1.327605816
105.958 1.278571117
108.911 1.227179412
111.917 1.136389328
114.86 1.45158702
116.933 1.885656155
119.097 1.682382755
125.338 1.166053439
130.311 1.636178459
132.865 3.23441205
135.635 2.927324118
141.009 1.479782302
144.962 2.115001845
148.763 2.104192782
152.267 2.386319828
155.276 2.848312758
161.189 1.446462445
164.528 2.272508479
167.47 2.798843571
169.235 3.087842724
