1.73 0.4032414355
3.279 0.4063925378
4.645 0.4057870003
6.181 0.4060059451
7.759 0.4031477808
9.014 0.4060075526
10.564 0.4043996994
13.599 0.5563082952
16.781 1.044530563
19.59 1.225871793
23.7 0.87701874
28.546 0.7226831934
33.438 0.7346585875
40.244 0.5736118089
43.29 1.028670089
45.548 1.607616228
48.762 1.216023287
52.365 0.9293498151
56.843 0.8313932933
60.704 0.9087660031
64.576 0.8832100736
70.565 0.5987738332
77.627 0.5153451887
82.727 0.6520200654
85.864 1.097652129
88.482 1.415270943
92.302 1.086132431
95.471 0.9243613987
100.64 0.7071461791
108.355 0.4800521492
111.803 0.9606295707
116.21 0.8271738209
120.732 0.7461740443
125.167 0.8898013777
129.597 0.9113104247
133.575 0.9115090368
138.363 0.5719221034
145.473 0.4971822971
146.483 1.456773918
147.511 1.456104637
148.496 1.457140822
150.227 1.479216502
152.302 1.658228081
154.625 1.791708143
157.04 1.531610547
160.307 1.144402652
166.826 1.139093101
179.397 0.642401666
182.777 0.689845691
