0.448 1.550999742
0.882 1.568300742
1.247 1.566924501
2.248 1.532571498
3.31 1.533930276
5.365 1.530382382
7.551 1.576133768
10.071 1.602860337
15.003 1.565122411
20.02 1.645323427
24.814 1.719059896
29.952 1.551971273
36.059 1.35886683
42.346 1.35874134
44.663 1.361326875
46.871 1.589018169
49.163 1.594581312
54.798 1.371403781
60.939 1.371462891
63.386 1.447974824
65.702 1.447600972
68.26 1.450846846
70.993 1.447233454
73.355 1.450322955
75.408 1.672586594
80.239 1.726729911
85.598 1.685725736
90.101 1.671678703
95.205 1.58959251
100.069 1.692209574
104.961 1.621690941
110.019 1.596254806
115.052 1.650136863
120.266 1.650999225
125.571 1.693795846
130.334 1.689920278
134.712 1.660677037
140.079 1.517155411
145.647 1.434269456
147.734 1.71187918
149.055 1.703298734
151.388 1.676630918
153.472 1.67849156
155.667 1.679570638
157.808 1.705940203
160.128 1.649924691
162.118 1.617813571
167.226 1.599020145
171.008 1.443221755
