1.485 0.4696082551
2.76 0.4759070509
3.94 0.4742196303
5.274 0.4715762364
6.669 0.4602171487
7.755 0.4637223478
10.898 0.4324775545
17.752 0.5906032774
21.317 0.909472282
23.339 1.762230421
26.78 1.03856111
29.85 1.12512695
33.994 0.8649197614
39.972 0.659805745
42.094 1.489365904
43.994 2.154246087
46.173 1.740455402
49.172 1.113774542
51.584 1.551489427
54.63 1.177130612
60.573 0.566818292
63.382 1.284571195
66.482 1.175168679
68.938 1.343091312
77.114 1.005325793
87.643 0.7520138429
91.521 1.054389224
93.995 1.188464655
97.524 1.063316779
101.46 0.9469539004
105.464 0.8249997989
108.425 1.225062125
111.0 1.325330066
114.499 1.138020202
118.746 0.9691640576
121.105 1.535928613
123.804 1.047308881
129.278 0.6523195236
133.574 0.7979024448
138.284 0.7429533596
145.574 0.4423846754
151.784 0.621358981
156.338 0.7317552552
166.361 0.3715345981
169.325 0.5142382365
173.181 0.3944029646
175.642 0.5137258753
177.914 0.5376749899
179.673 0.5826554537
