0.37 1.87843302
0.718 1.872825158
1.517 1.858828298
2.385 1.84944909
3.235 1.853344329
4.928 1.843845605
6.831 1.846599705
9.049 1.84415114
13.228 1.856635012
17.341 2.000661068
21.62 1.919909449
25.502 2.061250196
29.637 2.040324377
33.895 2.021882419
37.686 2.028659276
41.853 1.979841987
46.7 1.852292114
50.636 2.002787325
54.947 1.949568325
59.169 1.927504715
63.282 1.863270965
67.796 1.845804946
72.513 1.795571995
76.863 1.788577111
81.481 1.779888619
86.092 1.825342692
90.978 1.868864563
94.788 1.993836953
98.921 1.979559858
103.095 1.970585298
107.24 1.950455581
111.416 1.946699635
115.669 1.959611918
120.077 1.948670792
124.849 1.92989149
128.984 1.957950845
132.75 1.961788808
137.047 1.885699537
141.297 1.897047603
145.58 1.914343614
149.774 1.930784392
153.986 1.947241095
158.225 1.919461849
162.814 1.914701991
167.081 1.895459929
171.558 1.879067583
175.47 1.890321902
179.658 1.932004818
182.468 1.934241706
