0.324 2.153617476
1.135 2.122514669
2.215 2.121987229
3.04 1.945590082
5.15 1.821894992
6.372 2.562041701
11.846 1.47577651
20.285 1.018244768
27.794 1.036835229
30.546 1.293509316
33.109 1.402807664
35.823 1.306974354
40.184 0.8638590308
42.264 0.8324827169
43.827 0.8336044776
45.293 0.9921249072
48.249 1.270593943
50.681 1.39186527
52.625 2.02643517
54.514 1.905737248
56.756 1.546853464
59.411 3.107754508
65.221 1.446895871
70.486 1.470077591
76.174 1.464546451
81.698 1.427140541
90.814 0.9901929368
93.458 1.11295447
96.582 1.180576508
100.156 1.058214082
103.5 0.9895976875
107.643 0.8842416038
110.382 1.236709197
113.408 1.287549436
116.048 1.507928905
118.211 1.840216357
123.577 1.357071695
128.165 1.757110259
135.5 1.090730682
142.448 1.170157266
147.676 1.520226052
155.006 1.114808216
158.011 0.7742513736
162.345 0.8586949197
166.113 1.018304586
169.517 1.10930254
172.153 1.220388594
174.447 1.411748533
176.753 0.995313555
