0.625 1.115900804
4.938 1.264141171
7.566 1.899047178
11.33 1.521364415
13.969 2.141281754
14.778 1.559139774
18.145 1.549001702
21.944 1.634221257
23.807 1.769235538
26.123 1.534691866
28.563 1.486940322
29.701 3.122150082
30.94 3.111266138
33.698 3.147489701
35.93 3.511949227
38.788 2.88210259
42.323 2.493219889
45.338 2.615452891
48.994 2.304134169
53.896 1.677247465
58.701 1.618783736
63.744 1.707593439
68.839 1.644422352
74.235 1.428375221
78.137 2.126003918
81.919 2.110706239
86.688 1.906041976
91.02 1.743600226
95.797 1.69513548
99.15 2.486821422
101.657 3.479564405
103.95 3.561861481
106.395 3.414338486
108.823 3.671104018
112.89 2.155740167
117.492 1.780074507
121.124 2.032131833
125.041 2.086138218
130.365 1.511280878
135.463 1.641878418
139.221 2.127739067
144.56 1.548663444
149.205 1.71957018
154.218 1.682143934
156.851 3.110613106
159.441 3.301546244
161.748 3.255132628
164.587 2.884450517
167.112 2.410806684
