1.288 0.5388333764
2.51 0.5433830741
3.615 0.5368616454
4.807 0.5423569098
6.079 0.5351644837
7.006 0.5443229876
9.616 0.5325637121
17.175 0.5314076909
23.205 0.5319871406
29.733 0.5316456807
36.401 0.5333023185
42.894 0.5374877995
44.132 0.5465435832
45.467 0.544179487
48.03 0.5420411303
50.679 0.5373520701
53.252 0.5345139895
55.933 0.5360476847
62.958 0.5316056957
69.58 0.5260324951
75.877 0.5318238978
77.069 0.5185558571
78.339 0.5115359758
79.439 0.517719462
82.186 0.505747183
84.984 0.5173445723
92.915 0.5212248174
98.398 0.526259867
105.358 0.5311121383
112.258 0.5322883561
113.428 0.5372026124
114.652 0.5291780162
117.547 0.523659165
120.579 0.5228494
123.493 0.5232923651
126.219 0.5268699408
131.497 0.5263992802
138.202 0.5322784098
144.687 0.5333619625
151.287 0.5369872328
152.445 0.5481962217
153.67 0.5327886814
156.364 0.5282653868
157.651 0.5327848205
160.531 0.5326961775
167.452 0.5365648156
173.353 0.5320289119
179.495 0.5205355868
184.115 0.4979905513
