2.409 0.2896085171
4.567 0.2918320594
6.471 0.2916025417
8.569 0.2918487965
11.062 0.2568427771
13.063 0.251472558
15.467 0.2513017083
17.775 0.2995170169
19.465 0.3486245546
21.04 0.3503194032
30.44 0.3778014371
40.559 0.3415584065
41.925 0.4663952262
43.521 0.4537290296
44.862 0.4298189326
46.152 0.4290874033
49.985 0.3613798136
54.655 0.3025717356
60.673 0.255707578
76.367 0.2207687136
78.362 0.342170805
80.181 0.3414806458
82.049 0.3414058696
83.573 0.3633957047
87.543 0.3608390279
91.666 0.3544167334
95.878 0.3845000784
98.465 0.4127071556
103.8 0.4425891907
108.02 0.3663017302
110.671 0.2375459828
113.234 0.2393952039
115.413 0.2656013903
120.709 0.3090999774
125.124 0.3507892154
137.06 0.2976545278
139.058 0.2616477766
140.888 0.2713396342
142.771 0.3297936267
144.554 0.3320915811
148.65 0.3243811724
153.162 0.3261627356
162.481 0.3578158498
173.28 0.3468818332
174.964 0.3890258957
176.439 0.4308117797
177.755 0.4272997156
179.155 0.3922391281
182.94 0.2594166243
