0.489 1.417685298
1.018 1.425376783
1.482 1.421363209
2.533 1.399829085
3.709 1.400606053
5.95 1.39627671
8.424 1.398753265
10.272 2.237458474
14.608 1.778051855
20.265 1.452243716
26.184 1.378002163
34.095 1.004932311
37.339 1.129193097
40.006 1.604346637
42.012 1.606823783
44.127 1.705846132
45.999 2.00657414
49.818 2.064868334
53.662 2.199233492
58.889 1.548103942
64.57 1.365593839
67.983 2.396595765
71.554 2.397917098
75.834 1.799157903
80.912 1.627469186
85.804 1.701590645
92.878 1.279360551
99.575 1.101731173
104.294 1.696221873
112.438 1.003220456
115.887 0.9657696813
120.951 0.7215914714
124.037 0.7238005686
126.248 0.7246855534
128.388 0.7256354732
130.945 0.8837516743
132.16 1.045748993
134.269 1.043370576
136.483 1.039518333
139.886 1.028348099
143.689 0.8478843832
148.329 0.8466930286
152.14 0.8873640443
155.312 1.169788139
158.464 1.169931441
161.418 1.25789713
163.546 1.518439273
165.881 1.516473617
169.727 1.398925599
