0.306 2.269247944
0.662 2.287363533
1.293 2.234413468
2.043 2.236204953
3.772 2.230779969
7.053 2.2270007
10.711 2.227386251
14.635 2.225348937
18.16 2.214838638
21.961 2.14992435
25.623 2.236442238
29.179 2.252414528
32.876 2.239963638
36.887 2.234908848
40.342 2.237366574
43.996 2.232705241
47.924 2.231876085
51.455 2.224350035
55.227 2.221710865
58.976 2.187097771
62.515 2.164072838
66.335 2.172176145
70.332 2.214747339
73.837 2.216688425
77.629 2.1865836
81.29 2.186130694
85.416 2.223240079
88.803 2.226199135
92.483 2.220983102
96.233 2.220645777
99.841 2.224833284
103.689 2.226039371
107.454 2.235333507
111.303 2.241947288
115.252 2.233131464
118.901 2.218902001
122.224 2.221123254
125.896 2.226881304
129.57 2.228311951
133.219 2.210693124
137.049 2.209252451
141.127 2.02135251
145.185 1.986116539
149.156 2.145640833
152.731 2.24356171
156.534 2.242676743
159.861 2.242469173
163.488 2.239700472
166.008 2.22196016
