0.471 1.482973437
0.902 1.480058757
1.358 1.486339813
1.803 1.490083675
2.904 1.55102575
4.805 1.664611452
7.114 1.528914145
9.559 1.679999697
14.486 1.569298641
19.083 1.803860068
23.847 1.744280192
28.374 1.7522705
32.855 1.849330916
37.766 1.74291594
42.19 1.703443745
46.8 1.786762106
51.879 1.782884476
56.065 1.844609082
60.449 1.903738418
64.921 1.818697489
69.53 1.679707631
73.635 2.012854424
77.993 1.929307103
82.771 1.631947049
87.685 1.670244557
92.104 1.909000523
96.951 1.87990427
100.899 1.887143336
105.972 1.601132202
110.607 1.75339598
115.18 1.759645398
119.717 1.773813344
121.627 1.814840068
123.853 1.798720394
126.047 1.788457385
128.089 1.777788765
129.803 1.703192646
131.978 1.690660576
133.892 1.800700456
138.349 1.842329303
142.874 1.758091505
147.609 1.730742724
151.987 1.847571892
156.71 1.794018754
161.16 1.818281091
165.924 1.774143003
170.088 1.789684058
174.764 1.83808484
177.634 1.889689718
