0.763 0.9101425133
1.454 0.918576149
2.092 0.9207414769
2.857 0.9177023267
3.585 0.9128331133
7.038 0.9015596062
12.257 0.6560572384
16.995 0.849588475
19.361 1.414914951
21.358 1.748632964
23.425 1.738337493
27.023 0.9747243757
32.768 0.6235752954
37.309 0.8990776511
39.202 1.713104728
40.928 2.117058115
45.223 0.8561382999
54.049 0.3773388036
59.543 0.6816191026
63.816 0.819080872
67.986 0.8168605484
71.277 1.123695106
77.802 0.5728152774
80.809 1.125129435
83.464 1.312954178
86.896 0.9966755737
93.341 0.6341362268
97.913 0.6303591031
99.889 1.928820362
108.981 0.4046459644
115.552 0.5009018205
119.801 0.8895590176
120.998 1.278487571
122.32 1.275422498
123.587 1.274044862
126.482 1.269849118
128.754 1.269420736
131.57 1.268609771
134.04 1.394354272
135.997 1.835323278
140.396 1.831584821
144.04 2.302589144
149.741 1.403918023
157.556 1.06754789
164.016 1.238687965
169.376 1.04988576
172.354 1.053536966
177.323 0.6415731055
180.95 0.6337159989
