0.463 1.50609329
0.899 1.510973822
1.896 1.487910451
2.976 1.479944173
4.656 1.477166696
6.726 1.48167802
9.534 1.238308038
14.369 0.8299262128
17.548 1.014791849
21.051 0.9896193544
24.836 0.9402357982
28.354 0.9949008861
30.635 1.582900345
36.204 0.7276793069
40.899 0.6700677121
43.792 1.236538806
47.59 0.9776456932
51.617 0.8458395621
54.414 1.3597065
56.71 1.561838299
58.689 1.765949854
63.459 0.7660896779
66.279 1.399423565
68.634 1.400354895
71.095 1.400484457
76.282 1.545130258
81.698 1.684769567
86.43 1.58945312
91.722 1.523118087
97.25 1.481384053
102.885 1.411698274
108.452 1.468073374
113.003 1.814342379
118.3 1.70187035
124.25 1.470393516
129.762 1.46271713
137.257 0.9603161996
140.948 0.9630935421
144.528 0.9637624055
148.327 0.9332487739
152.748 0.738296552
156.539 1.024632816
159.843 1.022188349
163.314 1.066480384
166.283 1.244199848
173.543 0.519103775
176.06 1.269003663
178.471 1.335680623
179.912 1.589944137
