0.917 0.7598156038
1.784 0.7654801242
2.509 0.7650278447
3.382 0.7657648554
8.394 0.7474911913
12.514 0.7471550899
17.486 0.6939014961
26.96 0.4187070682
27.923 0.633433089
28.797 0.6746046395
29.671 0.7139309853
30.735 0.7100436851
34.794 0.5871327046
42.098 0.5385924794
48.827 0.4630573992
56.149 0.476793705
57.28 0.5167503312
58.44 0.5116334583
59.739 0.5126420096
62.426 0.5085883899
65.371 0.5079647155
69.984 0.5056408476
79.951 0.3636353094
86.11 0.5357759212
90.935 0.7106713679
95.859 0.6978173772
100.816 0.818930526
102.392 0.806405941
103.213 0.8268548008
105.089 0.8435725575
106.948 0.7317107002
110.124 0.4851929885
114.725 0.7323959696
122.491 0.5026181627
129.516 0.5555412021
135.499 0.5986586206
140.055 0.613735331
145.332 0.671387325
147.859 0.580067438
148.889 0.5854290202
151.007 0.620868698
153.07 0.7364694106
155.284 0.6425512133
159.339 0.5899225611
164.512 0.7024657276
171.11 0.563898312
175.537 0.7187773715
180.195 0.6890346309
185.517 0.4304370505
