0.197 3.540502028
0.469 3.550324993
1.116 3.487864067
1.612 3.503020567
2.403 3.484163626
8.159 1.278485267
12.755 1.766513903
16.656 2.214358131
25.273 0.8926588416
29.081 2.147063887
32.317 2.517825814
36.262 2.029160156
40.506 1.955836885
46.04 1.615807523
51.234 1.457194796
54.385 1.784103453
56.234 2.085719756
57.903 2.068138791
60.284 1.617757359
62.574 1.520373565
65.967 2.261472241
71.302 1.529221854
78.901 1.132258471
80.548 2.118321867
82.146 2.481541924
84.761 1.321474555
88.153 1.201130856
89.646 1.96805766
94.401 1.692605967
99.214 1.713826047
103.3 1.970996989
107.335 2.140170185
111.033 2.248903412
115.877 1.785088774
120.938 1.708290019
125.401 1.818639405
128.201 2.652641627
132.1 2.105383036
136.639 1.792512911
139.505 2.855083287
142.77 2.642468397
146.036 2.517297735
149.835 2.117174658
154.183 1.931277558
158.761 1.776993683
162.189 2.474448784
165.63 2.195891697
169.982 1.876378274
173.523 1.565679502
