0.995 0.6971503993
1.955 0.7031627872
2.768 0.70299856
3.656 0.7024938832
4.599 0.6987894867
5.397 0.7032196681
11.819 0.5359958406
18.885 0.5680644138
25.577 0.4842374171
31.827 0.5488121541
40.985 0.387947697
42.245 0.5677573162
43.413 0.5551705478
44.738 0.555478895
49.457 0.272138297
54.673 0.2682527565
55.419 0.7669584657
56.258 0.769558567
61.73 0.4405437182
69.481 0.4507469838
77.884 0.3967524616
79.998 0.2907405796
82.27 0.2907729533
83.134 0.6854411619
84.042 0.6764229898
86.579 0.5778848946
89.812 0.5003967845
92.975 0.5966625459
102.912 0.3664270378
111.754 0.4161993235
114.114 0.2621087052
116.54 0.2597782989
118.733 0.2619612342
120.06 0.515652496
122.253 0.7030662266
124.668 0.5814515014
129.756 0.5603394693
135.934 0.5727996867
141.669 0.6009805754
148.421 0.5175567737
150.483 0.658063597
160.747 0.3732777274
162.018 0.4600768441
163.504 0.4747704734
165.533 0.7761985097
175.825 0.3653663998
184.614 0.2325803955
185.234 0.8670955529
185.811 0.8610411971
