0.608 1.148108467
1.218 1.164392302
1.772 1.150926846
3.073 1.139604447
4.461 1.142434639
7.143 1.135539062
10.183 1.136752569
12.781 1.601558786
14.45 2.05589068
16.213 1.996090712
20.71 1.83660579
25.151 1.802762389
29.468 1.931475109
34.434 1.720243863
39.337 1.545985525
44.139 1.694852031
48.334 2.065689823
52.18 2.035244824
56.409 2.113154514
60.058 2.26234479
63.539 2.212668233
67.757 1.95218242
71.874 2.034274328
75.559 2.084793337
79.442 2.123783548
83.249 2.094895705
87.596 2.080006125
91.299 2.157448867
95.148 2.122431058
99.089 2.075236129
102.958 2.096648704
106.807 2.106315661
110.748 2.124062019
114.787 2.139861134
118.817 2.196560222
122.475 2.236951975
125.913 2.222505839
129.635 2.205362572
133.309 2.206016446
137.033 2.205806264
140.714 2.176754427
144.683 2.100242205
148.668 2.046895001
152.88 1.979918514
156.901 2.033985564
161.516 1.936101377
165.417 1.917149072
169.47 2.024214138
172.007 2.136500154
