0.488 1.420663629
1.022 1.425376783
1.477 1.429172897
2.535 1.402590089
4.351 1.398078323
6.545 1.398242374
10.298 0.914525621
14.533 0.9595327875
18.149 0.8996708223
21.217 1.133491991
24.488 1.101385223
27.138 1.353633494
29.812 1.354076612
32.705 1.481646798
34.645 1.668219888
39.447 1.692344324
44.28 1.785875265
49.785 1.400230583
55.754 1.414680766
61.624 1.380057565
67.12 1.402706484
72.496 1.53298627
77.276 1.771323113
83.132 1.350486909
89.26 1.345144864
91.658 1.438838648
94.089 1.685425199
95.885 1.685730202
98.463 1.418450411
102.366 0.9415497537
105.918 0.9282426308
110.004 0.8922417792
112.539 1.357015616
115.214 1.598613683
117.842 1.510315813
120.006 1.674359948
124.426 1.654904116
129.839 1.500906283
134.918 1.586497536
141.007 1.332022838
145.978 1.61176453
151.538 1.470207543
157.118 1.433235359
163.556 1.302758883
166.084 1.445348851
168.632 1.45015215
170.838 1.456184694
173.092 1.444790835
174.808 1.40007023
