3.317 0.2094257935
6.239 0.2115142448
8.878 0.2120745758
11.746 0.2113902983
14.948 0.1998510366
17.475 0.2009199052
20.48 0.1989544927
23.886 0.1979361002
26.915 0.2002101014
29.688 0.2010966803
32.596 0.1968638053
36.281 0.1757384976
39.824 0.1766899173
43.868 0.1749860255
47.045 0.1727256453
50.264 0.1713206116
53.528 0.1721390171
57.04 0.170596418
60.943 0.1675757046
69.067 0.1660128812
72.807 0.1709856442
76.48 0.1703933905
80.187 0.1721001646
83.221 0.1780335702
91.1 0.1747895017
94.446 0.1832304993
98.356 0.1816884673
100.791 0.1837589209
104.098 0.186778904
107.412 0.1883573068
115.217 0.1754371541
119.446 0.1478173263
123.298 0.1476784772
127.683 0.1475975462
132.074 0.1587427881
135.969 0.1603731281
139.182 0.1612460442
142.402 0.1521865319
146.736 0.1368462715
151.067 0.1366096612
155.283 0.1375972516
159.016 0.1707462308
162.299 0.1780257795
166.116 0.1796356892
170.099 0.1663385155
174.212 0.1545242355
177.771 0.1550872527
180.96 0.1541772982
183.84 0.1548979898
