2.784 0.2495335378
5.188 0.2524882085
7.471 0.2498650021
9.896 0.2523581256
12.538 0.2491585465
14.585 0.2485453642
18.803 0.1394822838
24.079 0.132538889
25.607 0.3868794229
27.078 0.3919861807
28.483 0.3993906118
30.135 0.4113425881
31.681 0.4192978121
46.779 0.2567082812
49.69 0.1884734249
58.145 0.0626111472
66.144 0.07475186839
67.587 0.4177767612
68.904 0.4925303535
70.582 0.338082487
75.759 0.2855094627
82.954 0.08264187388
86.308 0.2207642589
88.903 0.2130772151
91.716 0.2100320711
94.611 0.211445831
98.04 0.2104534533
100.175 0.2122472136
103.015 0.2111443708
107.928 0.1214316657
109.935 0.3396466633
113.447 0.1763926721
114.4 0.6215874582
117.199 0.5783836865
121.265 0.9689180144
128.418 0.496062844
134.626 0.4497400385
149.418 0.2377401491
153.149 0.1600758444
154.811 0.3845030022
155.386 1.166078404
157.916 0.6218363458
160.481 0.567701113
164.039 0.4651216645
169.476 0.4417060275
177.476 0.4604150825
179.159 0.3235153444
180.759 0.3337004098
182.111 0.3381416847
