0.369 1.88892706
0.717 1.885025974
1.084 1.89860925
1.875 1.861552815
6.389 1.856960489
10.347 1.882732865
14.698 1.871565453
19.387 1.862403964
23.571 1.8817679
27.982 1.846376679
32.455 1.860699353
36.683 1.874492628
41.33 1.898019998
46.045 1.826019376
50.305 1.779007908
54.607 1.908122258
59.306 1.852695049
61.095 1.961038747
63.182 1.862101857
65.157 1.860337985
66.989 1.862130166
68.998 1.879959749
71.016 1.887168152
75.08 1.915656664
79.501 1.852446138
83.788 1.873826309
88.625 1.889871949
92.545 1.912731721
96.801 1.893635724
101.171 1.887418744
105.28 1.930812083
109.726 1.890948
114.201 1.856075146
118.811 1.890630809
123.408 1.908863097
127.79 1.864126646
131.66 1.904750936
136.004 1.859795864
140.379 1.858840087
144.671 1.873459955
149.112 1.863351438
153.541 1.876636741
157.916 1.83340932
162.572 1.80975231
166.79 1.891830518
171.304 1.901732714
175.324 1.865188499
179.675 1.879898684
182.575 1.861327883
