0.396 1.751906444
0.841 1.758975604
1.664 1.735235991
2.528 1.734422378
3.49 1.735671673
5.336 1.727335941
10.087 1.723270917
15.178 1.723373605
27.72 0.6170801436
46.816 0.1817052856
47.22 1.724166661
47.84 1.713320751
56.748 0.3985011619
65.676 0.1879768443
67.368 0.7580055225
76.734 0.1468824129
76.966 3.378500583
77.457 3.076034164
78.639 3.2397945
85.145 1.248603054
90.129 0.6771036804
100.165 0.3574931005
100.661 1.3733128
101.09 1.38385013
114.274 0.2558329832
115.705 0.4235172414
129.293 0.05182748772
135.75 0.06967603169
136.253 1.304467277
136.738 1.304318951
137.854 1.288631707
139.062 1.301623498
141.573 0.8868107334
157.678 0.1589392711
158.149 1.536952064
158.596 1.557130712
171.565 0.2110431734
172.763 0.4251404407
174.086 0.4344730612
175.543 0.4331629319
180.784 0.1071421076
181.065 2.342611712
182.54 2.303673951
200.643 0.2009113723
201.285 1.109418492
201.855 1.112863326
203.752 1.094780069
210.026 0.07424313853
215.948 0.07517641414
