0.655 1.059930858
1.257 1.073660434
1.804 1.068211364
2.456 1.070652715
3.981 1.051416494
5.87 1.047855501
9.044 1.078859021
12.564 1.145033175
14.855 1.412395067
17.772 1.194428139
21.046 1.083631958
23.152 1.671160646
25.626 1.458365743
29.123 1.130902015
32.428 1.013994305
36.024 0.9788678059
39.06 1.222638851
46.063 1.104478304
53.493 1.118829879
60.46 1.171134982
68.408 0.9608965767
71.778 1.092596533
74.319 1.435692517
76.607 1.623376968
77.956 2.674263754
81.511 2.365776479
86.396 1.861446885
90.345 1.914229162
94.351 2.014720779
100.56 1.308491701
105.847 1.502644999
111.235 1.501175367
116.822 1.478865173
122.667 1.479038082
129.385 1.32471564
132.592 1.141089636
134.424 1.584735647
136.245 2.016877002
140.482 1.902504116
144.565 1.968634493
148.871 1.841908455
151.723 2.884571207
154.26 3.217622146
158.649 1.992343781
163.218 1.751399934
167.014 2.259046646
173.181 1.203357344
178.78 1.438601577
184.04 1.022374307
