0.443 1.56536085
0.883 1.572562429
3.04 1.538642754
5.368 1.538085527
7.824 1.53776703
9.848 1.539077737
12.175 1.486406824
14.96 1.434414287
17.208 1.442582683
19.665 1.445298674
22.104 1.4620647
24.73 1.465225436
27.254 1.442832146
30.006 1.429987006
35.331 1.42954775
41.027 1.426925859
47.201 1.39872543
52.641 1.437542038
58.466 1.436327768
63.988 1.464988062
69.431 1.427245931
75.14 1.437702094
77.681 1.459552831
79.989 1.426776685
82.421 1.445329048
84.864 1.435161889
87.721 1.426129014
89.804 1.41719931
92.465 1.419563357
95.062 1.422843708
97.572 1.433105076
103.266 1.413527123
109.005 1.431838715
115.184 1.400847828
121.388 1.413262652
127.907 1.247221425
129.985 1.377086182
132.503 1.403221097
134.936 1.454352305
137.603 1.442258209
139.937 1.437700399
142.696 1.41945596
145.119 1.430797493
151.006 1.425117453
156.683 1.418787992
162.689 1.421608292
167.973 1.412890222
173.73 1.402114394
177.57 1.419027244
