0.945 0.7374437158
1.808 0.7419268896
2.633 0.7399984842
3.511 0.7412211101
4.45 0.7369052769
7.78 0.917663843
11.21 0.9921054086
15.196 1.016397653
18.463 1.007699911
21.265 1.236574202
24.144 1.236574707
26.585 1.439270367
29.038 1.454751453
32.004 1.427868507
34.309 1.394878519
36.873 1.394181187
42.832 1.439384678
48.106 1.474622044
53.767 1.486471297
59.402 1.43511174
64.651 1.476116609
70.374 1.430083111
76.341 1.394166074
81.612 1.462443027
87.501 1.453814297
93.043 1.442918767
95.831 1.474979842
97.786 1.506531318
100.218 1.505185939
102.777 1.472484503
105.055 1.448439237
107.562 1.448482268
109.904 1.434474895
112.777 1.391781844
115.747 1.390877572
118.285 1.420361169
120.153 1.471233148
125.666 1.46565564
131.276 1.427562441
137.198 1.356237321
143.093 1.356893807
148.98 1.409756608
154.58 1.41906277
160.572 1.40978314
166.301 1.390337362
172.628 1.387614338
174.868 1.435884721
177.082 1.452791522
178.644 1.454939083
