0.984 0.7095864505
1.841 0.7153312409
2.657 0.7136062201
3.538 0.71553523
4.482 0.7110489514
6.218 0.7049055491
8.195 0.7025733385
26.388 0.218551681
30.28 0.1562833242
32.611 0.2357274526
35.047 0.2352184566
37.857 0.2336346478
40.569 0.2330158535
42.763 0.3262422388
44.265 0.3731665805
48.121 0.3630563693
59.072 0.3326962305
60.807 0.3420260298
63.024 0.2997906489
65.708 0.20969502
68.847 0.2098321144
74.62 0.2649564076
75.69 0.6371482582
78.133 0.6043550508
86.321 0.4231794538
94.983 0.3948166508
97.049 0.340860379
98.639 0.2806908161
100.914 0.2684946745
102.469 0.4554934708
105.363 0.474011094
108.865 0.4355242123
113.412 0.4903165142
122.579 0.4348532478
126.729 0.367374177
128.474 0.3696854768
129.897 0.3675247673
131.336 0.3640705431
139.4 0.4264876664
144.932 0.6410036486
148.882 0.8300318657
153.368 0.8583202854
157.343 0.8845069559
161.248 0.9483858288
164.884 1.000875692
168.301 1.079791092
171.267 1.088036592
174.165 1.108520855
176.268 1.089780693
