0.432 1.610085446
1.951 1.58399239
5.113 1.054586539
7.683 1.408871362
9.593 1.968962458
11.886 1.368069099
13.921 1.768082867
15.87 2.118495859
17.399 2.126165764
19.261 1.939157149
21.127 1.924998181
25.79 1.70825322
30.655 1.733479559
34.4 2.291795236
37.425 2.554582246
41.389 2.062462905
46.833 1.600909613
49.567 2.877784192
52.945 2.474631814
56.259 2.623372997
58.857 2.974221627
62.706 2.130447498
67.731 1.679516732
72.685 1.56059961
77.536 1.721865155
81.457 2.035539419
85.602 2.177069689
88.424 2.699788792
91.63 2.70990259
95.287 2.247931009
99.143 2.105071235
103.586 1.825281083
108.476 1.710393697
112.713 2.025708028
115.509 3.173440794
118.342 2.913676943
121.614 2.226663942
125.187 2.430865258
128.096 2.847953775
130.398 3.640133548
132.485 3.959033923
135.079 3.283166501
137.87 2.854548689
140.978 2.685192025
144.102 2.552169165
147.932 2.243278804
151.136 2.48458863
156.883 1.412242422
160.156 1.696692454
