0.305 2.27688851
0.661 2.287363533
1.294 2.230593958
2.044 2.236204953
2.788 2.247962431
4.242 2.236977852
9.39 1.579467164
14.256 1.794908498
18.04 2.049215486
21.89 2.134567748
25.647 2.222914129
29.214 2.230571375
33.128 2.15198392
36.987 2.240232876
40.678 2.208223848
44.62 2.045600663
48.586 2.195627518
52.167 2.214064023
55.945 2.210415037
59.601 2.232751078
63.142 2.209446526
66.849 2.223482695
70.638 2.214153891
74.34 2.210887264
78.091 2.208550364
81.743 2.215196647
85.816 2.223794919
89.243 2.200157813
92.955 2.17773302
96.868 2.085991434
100.583 2.140031579
104.49 2.111325397
108.777 2.049805323
112.646 2.215667624
116.948 2.025043016
120.666 2.181272919
123.947 2.204665409
127.629 2.206581005
131.274 2.225812443
134.965 2.182885663
138.813 2.061194797
142.924 2.126069359
146.63 2.180338985
150.475 2.191789773
154.112 2.194964705
157.968 2.223579974
161.316 2.205185072
165.014 2.222930668
167.606 2.134789585
