1.232 0.5654146215
2.353 0.5724065024
3.343 0.5710416404
4.444 0.571861984
5.604 0.5681746294
11.067 0.5596646315
17.302 0.5462533023
24.162 0.5859535486
25.178 0.6002015886
26.103 0.6023536187
27.123 0.6009054649
33.107 0.5823395972
39.449 0.5679653715
46.623 0.5579225713
48.852 0.5947538588
49.796 0.5989240938
50.824 0.6018073192
56.596 0.5821779633
63.328 0.5572466196
69.534 0.5636555541
75.346 0.5809167676
81.595 0.5772743991
82.765 0.5925664559
83.87 0.5967652074
84.862 0.5901333544
87.358 0.5836159845
90.16 0.58505941
95.077 0.582571086
101.466 0.572089644
107.799 0.5791725387
113.546 0.5796341138
117.655 0.5758010908
123.63 0.5583649734
130.52 0.5679192395
133.236 0.5735895936
134.334 0.5942297025
135.258 0.598463313
137.645 0.5822055627
140.137 0.5848892787
142.748 0.5778101102
148.407 0.5731704519
155.277 0.565257036
160.692 0.6149146474
167.022 0.5853665965
173.323 0.5766441909
179.725 0.580937224
180.686 0.6024473022
181.572 0.5992986951
182.336 0.5982879378
