0.524 1.331173007
1.048 1.339590217
2.108 1.314096138
3.297 1.312016928
5.271 1.311264605
7.565 1.324879724
10.218 1.293967677
13.206 1.36351168
15.421 1.504857362
17.997 1.368495363
20.603 1.403370814
24.1 1.007531751
28.131 0.9007553116
32.694 0.8994971927
36.207 0.9028593308
38.606 1.504103488
40.685 1.821570851
44.897 1.829630169
49.389 1.886779579
56.327 1.176976911
62.573 1.233296386
65.9 2.459951533
70.45 1.860248159
75.679 1.471500155
82.506 1.197598791
89.396 1.188273163
96.503 1.274967268
98.781 1.303247055
101.674 1.264756029
104.744 1.19791231
107.526 1.198837346
110.58 1.198592181
113.003 1.378609666
115.659 1.514376863
119.465 1.016667037
123.837 0.8509774139
127.957 0.6726575768
137.246 0.3811369094
139.426 1.601096521
141.591 1.664944542
143.685 1.616775994
146.05 1.631432909
148.279 1.521956336
150.455 1.689754602
158.617 0.9750885644
168.24 0.8777535234
171.545 0.9602311747
174.151 1.241403481
176.012 1.243725146
