1.369 0.5099818155
2.57 0.5153187657
3.658 0.5140503305
4.868 0.5152874027
6.135 0.5108797088
8.585 0.507471618
15.371 0.50121992
23.079 0.5168552528
25.67 0.5505403545
26.66 0.5624149549
32.881 0.5693479963
39.49 0.5207553852
46.253 0.5324997382
47.573 0.5437370647
48.515 0.5919778935
49.42 0.6562191282
50.342 0.6598307691
52.568 0.6482670131
55.005 0.6368403166
60.782 0.6080418081
66.885 0.5487183697
74.145 0.4927366421
79.936 0.6327037135
84.954 0.6611679679
90.081 0.6619412266
96.284 0.5475723293
104.084 0.523952672
105.018 0.5341829096
106.213 0.5305075834
107.386 0.5309727529
108.655 0.5284754941
111.587 0.5232105699
114.346 0.5286904791
119.171 0.5281026672
125.837 0.5785308562
131.894 0.5895118888
136.603 0.5933222521
143.127 0.5460994979
149.441 0.5452354825
152.14 0.5999968734
153.14 0.6129053525
154.226 0.6062952769
158.052 0.6003887873
160.82 0.6069439441
163.386 0.6064942994
169.776 0.5766271926
175.39 0.5572631055
180.467 0.6384504621
184.019 0.6393546889
