0.923 0.7547275528
1.781 0.7614512814
2.511 0.7594436999
3.384 0.7607269287
4.325 0.7552134825
6.01 0.7499659672
10.652 0.7448469399
16.029 0.7437102733
19.554 0.9229675064
23.133 0.9673712243
27.536 0.8099621635
31.852 0.8063587049
36.759 0.7279771121
42.365 0.6965212227
46.191 0.8553537181
50.329 0.8563262502
54.739 0.8337075956
59.236 0.74723182
64.79 0.6720188336
70.401 0.6273588201
74.932 0.7571812389
78.616 0.9897281132
82.378 0.9835336885
85.938 0.9770505006
90.496 0.7462366911
95.56 0.6842152517
99.913 0.9336839059
103.642 0.7782082305
107.515 0.9539854991
112.249 0.7851339607
116.155 0.8475995846
120.108 0.9135949664
121.879 0.8327195076
123.529 0.9537942159
126.273 0.968867473
130.162 0.915788422
133.332 0.8701805816
137.371 0.8851962703
142.988 0.6071339601
146.699 0.973402616
149.981 1.008888653
154.15 0.9249535924
157.448 1.022505405
161.249 1.021667757
164.847 1.01137538
168.386 1.053021985
171.661 0.9850251578
174.845 1.008714908
177.025 1.057195888
