1.852 0.3763137937
3.491 0.3789803365
5.042 0.3753383365
6.689 0.3786198205
8.413 0.3899594955
9.565 0.4609918924
10.852 0.4735910101
15.062 0.3970913668
23.429 0.3837695765
31.014 0.1811126048
34.534 0.1626371758
37.532 0.2149577108
40.805 0.198512178
42.827 0.3607317096
48.769 0.2184598596
50.296 0.3605296402
51.822 0.3910645364
56.108 0.1367436263
60.383 0.1532180353
62.048 0.3318732457
70.515 0.171975134
75.373 0.1277764976
78.325 0.222699373
81.919 0.1484989988
84.252 0.2689031295
90.928 0.2151661613
95.741 0.3397888485
97.155 0.3212568548
101.142 0.1509927768
102.724 0.4290522864
105.001 0.2729840781
111.493 0.2405973957
118.463 0.202838783
126.02 0.2062881096
128.192 0.3345221643
129.989 0.365595533
131.261 0.4430253304
134.389 0.4426908657
144.132 0.1483808103
152.137 0.1900591718
153.673 0.3848874172
155.955 0.2784695698
157.753 0.3232377109
159.684 0.3546984721
163.34 0.4135111593
166.809 0.4372574956
180.6 0.2263422151
181.683 0.4686005754
184.311 0.1750964279
