2.565 0.2723463098
9.692 0.3256022174
11.665 0.711115785
13.716 0.7179335438
15.475 1.462048192
17.737 1.342791572
19.716 1.766228559
23.116 1.193175829
26.653 0.9232361232
29.61 1.174211566
31.084 2.540549926
32.407 2.622990038
34.268 1.999973463
36.744 1.719556185
38.625 4.100813721
40.569 4.290718647
42.986 3.57549922
45.941 2.701220564
49.125 2.649237009
52.234 2.650239387
55.579 2.317421921
59.715 1.972636573
64.194 1.970718417
68.472 1.827262989
70.871 3.445188899
73.168 3.458798651
75.782 3.456457036
78.028 3.45842817
80.107 3.968023283
82.583 3.380865579
85.247 3.093402594
88.085 3.088231659
90.846 3.088300859
98.931 1.059931216
109.629 0.8095206853
116.065 1.256259262
120.42 1.659904988
125.329 1.65860117
130.294 1.625818757
135.811 1.47829868
142.329 1.259894972
154.716 0.6611209087
159.985 1.526068663
167.923 1.057156799
171.888 2.041339851
176.279 1.956042496
178.613 3.168875855
180.63 4.168428491
182.139 3.718761774
