0.623 1.117745268
1.238 1.125881272
3.254 1.100574724
6.18 1.213372609
8.838 1.412402403
11.316 1.241522708
13.4 1.698536491
15.615 1.875720062
17.774 1.536937655
19.186 2.474048386
21.653 3.449120601
25.881 1.872697137
32.176 1.333727132
37.264 1.710509258
41.473 1.791828047
46.083 1.751581929
49.685 2.448774911
52.922 2.460861394
56.823 2.279338023
61.016 1.953793138
64.507 2.234827502
67.365 2.936416574
70.402 2.759927295
73.78 2.325861517
77.845 2.067113339
82.968 1.549410397
88.704 1.566036246
92.451 2.126181492
97.06 1.745825547
101.97 1.657027777
106.185 1.883617539
110.446 1.931638129
114.266 2.169868468
118.334 2.113279008
122.619 2.040931371
126.605 2.049533229
130.373 2.056714073
134.515 1.993964862
139.056 1.786059219
143.577 1.788264532
146.769 2.482699019
150.089 2.48117163
153.242 2.60489344
156.457 2.622904444
160.535 1.963743578
165.301 1.856936343
169.467 1.799396206
174.031 1.774211595
177.193 1.731959852
