1.301 0.5328888001
2.513 0.5393317557
3.61 0.5363081798
4.813 0.536817517
6.078 0.5337549196
8.375 0.532799563
14.787 0.5312614925
22.562 0.5178730851
28.794 0.5160630095
29.912 0.5339749829
31.03 0.5323864765
32.42 0.5294582812
33.667 0.5291315752
37.009 0.5237759979
39.529 0.5241392702
46.244 0.52051967
53.281 0.5179747709
59.765 0.5130092019
68.675 0.4157907382
70.354 0.3318732457
72.423 0.3292985737
74.339 0.3327694049
75.954 0.4122724024
78.689 0.4838499007
85.45 0.5060841559
91.912 0.5290047276
99.677 0.5241584126
100.516 0.5314364679
101.719 0.5314945743
103.061 0.5309727529
104.263 0.5242174105
107.371 0.5222929785
114.332 0.4903365927
121.838 0.5204135625
129.287 0.5196144396
136.15 0.5235807948
141.4 0.5260928778
144.081 0.528653636
146.806 0.5286414743
149.69 0.5290107125
152.449 0.5284532093
155.278 0.523316354
159.638 0.5202622389
166.631 0.5259631048
169.58 0.5234890831
170.76 0.5330186925
171.803 0.5339016279
174.166 0.5251091025
178.52 0.520325096
