0.582 1.192655886
1.097 1.210675678
1.653 1.198661139
2.197 1.206998885
3.617 1.183046689
6.238 1.18099663
9.168 1.181409282
12.564 1.178911922
15.075 1.291102694
17.627 1.352702938
20.349 1.327181738
23.006 1.316554799
25.806 1.308303592
29.049 1.307749311
31.456 1.305501425
34.148 1.303670563
40.721 1.309879905
46.659 1.311083608
53.384 1.2389862
59.714 1.294541653
65.663 1.297407553
72.0 1.288919041
78.348 1.325934262
85.081 1.141285094
89.841 1.115519799
92.447 1.332447653
95.525 1.330864165
97.73 1.332810315
100.535 1.330808017
103.346 1.329551026
105.865 1.326060901
108.653 1.296650854
111.255 1.298154528
114.456 1.304117969
117.41 1.319242329
120.179 1.319478696
122.282 1.311796174
124.983 1.3105158
127.7 1.309029727
133.995 1.292344645
140.085 1.314370069
146.335 1.328619537
152.404 1.318327564
158.836 1.306263694
164.935 1.313186227
167.795 1.315424294
170.242 1.327900266
172.692 1.32555757
174.494 1.328271757
