0.447 1.561745698
0.884 1.568300742
1.237 1.571658412
2.242 1.537542
4.733 1.532681401
6.569 1.691063847
9.642 1.109785128
13.62 1.011705383
15.97 1.404267074
18.374 1.439179713
22.717 0.8116546779
28.478 0.6033433591
35.074 0.5547256684
40.267 0.7496101435
43.011 1.137817883
45.524 1.424841603
48.448 1.26924845
51.148 1.249353468
54.242 1.213718851
57.15 1.212864193
59.764 1.301590984
61.115 3.180952485
63.955 3.008089669
68.581 1.663364975
75.312 1.23262479
80.47 1.548491229
86.652 1.450316771
92.517 1.264275448
96.641 1.970715957
100.97 1.889634024
105.847 1.691122201
110.673 1.679120492
113.138 3.493367324
115.643 3.488904023
120.268 1.882903564
124.514 1.89558683
128.184 1.996899122
132.283 2.010526866
136.318 2.0305058
140.531 2.031250094
144.21 2.177358746
147.997 2.202720816
151.71 2.190626457
155.631 2.159675637
159.365 2.160762139
163.325 2.132775279
166.862 2.112583903
170.756 2.083130974
173.644 2.018434665
