0.392 1.770251014
0.839 1.780624535
1.66 1.751540222
3.709 1.741825908
6.464 1.399077852
9.835 0.8993825833
12.962 1.10686752
15.786 1.424057505
17.988 1.528790033
20.475 1.439789277
22.997 1.409027286
25.727 1.407801171
29.077 1.081680979
32.874 1.028065325
34.865 1.570492721
36.884 1.741312507
41.754 1.760041153
46.844 1.522389014
52.359 1.518720536
57.008 1.746630661
61.399 1.770237837
66.078 1.773428367
70.84 1.748460076
75.294 1.73589984
80.573 1.636967396
85.537 1.591286354
91.322 1.561644977
96.141 1.553107379
101.575 1.481346006
106.145 1.777006831
110.778 1.72224715
116.531 1.422081755
119.533 1.131312675
123.025 1.130669513
126.498 1.128828175
129.688 1.147429023
132.103 1.186644504
135.156 1.187084016
137.95 1.236252654
139.906 1.828536557
141.948 1.829875408
144.716 1.410528564
146.434 2.032402851
150.582 2.028078694
155.125 1.79108722
160.458 1.593784769
164.917 1.657898232
169.054 1.982658419
171.597 2.144231759
