1.143 0.6075794136
2.179 0.6123840993
3.087 0.6105856038
4.077 0.6118015512
5.133 0.6073395139
6.003 0.6108592176
18.253 0.2781106318
21.03 0.2507395267
22.433 0.4400222008
27.718 0.6577675082
37.786 0.3509836042
40.278 0.2686474257
43.033 0.2289122052
44.992 0.3740473096
45.982 0.6179603159
46.872 0.6161386785
51.381 0.3025619088
56.261 0.2901676235
57.801 0.4323052787
59.817 0.6924252761
68.517 0.386262966
73.492 0.7323008916
77.719 0.8788666912
81.524 0.8792926084
86.548 0.6783418825
96.184 0.3540407769
97.93 0.4037039691
98.968 0.4533526009
100.272 0.4683251372
103.385 0.490694709
105.023 1.318618998
113.217 0.4387875466
118.648 0.6262354734
125.09 0.6079021883
134.304 0.4202805923
135.138 0.8366018736
135.818 0.8269307264
137.776 0.8101776204
139.558 0.8110914147
141.396 0.8205490837
149.934 0.3797279804
156.787 0.5651732445
162.778 0.5648659055
168.969 0.5906152374
173.365 0.8226754993
177.447 0.9089159654
180.953 0.9003566201
182.405 0.8454180557
183.605 0.8823531152
