1.29 0.5384043689
2.5 0.5444054317
3.594 0.5435934529
4.806 0.5433763777
6.07 0.5389599764
6.997 0.5430644374
8.188 0.5404773234
16.018 0.5144957988
22.238 0.5208076374
28.922 0.5166959237
35.789 0.5177424019
42.615 0.510931283
43.913 0.5123553385
45.357 0.5058975715
46.446 0.5152725483
49.204 0.5126787721
50.355 0.526952707
53.112 0.5193902688
60.429 0.5108352285
67.248 0.511925545
73.832 0.5110098346
80.932 0.5080972295
82.196 0.5256473131
83.292 0.5344723882
84.472 0.5289470473
87.275 0.5156446449
90.476 0.5053464655
96.252 0.4938236084
103.881 0.4800938037
111.031 0.519043944
112.47 0.5118451464
113.679 0.5125109921
114.779 0.512631036
118.056 0.505799963
123.248 0.5040241075
130.452 0.5066569711
135.885 0.5077682944
142.958 0.5045107067
145.784 0.5134051823
147.207 0.5127884708
149.839 0.5136683473
152.763 0.5078919018
155.754 0.5058681701
160.534 0.5032949728
167.958 0.4998768168
175.126 0.5155869111
177.59 0.5255659083
178.568 0.5313444401
180.452 0.5262902218
