1.099 0.6355600445
2.136 0.6401581569
3.046 0.6398756881
4.038 0.640967257
5.093 0.6352631697
5.969 0.6399873819
11.412 0.6269914114
17.834 0.6261332206
23.009 0.6255648431
28.634 0.617949915
34.065 0.6555028497
41.554 0.4596592187
42.473 0.7101171972
43.473 0.7077212588
44.254 0.7175489619
46.282 0.7043368654
48.265 0.6947021882
53.11 0.6895238791
58.624 0.6812399338
64.402 0.6065391453
70.404 0.5657546616
76.16 0.6313297666
82.796 0.5488897612
89.617 0.4870617235
92.651 0.4617843372
95.848 0.455450075
97.417 0.4599645495
99.696 0.4820373357
100.761 0.6170158394
103.29 0.6068224589
105.625 0.6092570577
114.241 0.4173304384
120.679 0.521565254
126.794 0.6354885087
133.096 0.6189698441
138.832 0.6275483128
139.62 0.7064112411
140.384 0.7085674012
143.866 0.6578154543
146.282 0.6196982632
148.411 0.6193726289
150.607 0.6895967191
155.618 0.6752473217
161.415 0.63815992
166.701 0.6903659696
172.905 0.6018011968
174.941 0.6453883245
179.196 0.7555073743
182.866 0.6292406034
