0.411 1.699085144
0.856 1.69707617
1.695 1.675093024
4.02 1.574357839
6.376 1.636167833
8.354 1.530382382
10.516 1.600093996
13.186 1.533089502
15.763 1.295849395
19.21 1.001869284
22.002 1.302457786
24.679 1.435637375
27.043 1.511567926
33.792 1.267575229
37.711 1.963511492
41.351 2.257890862
45.467 2.097743631
49.138 2.110375074
53.009 2.173196789
57.089 2.015646891
61.048 1.975843586
65.314 2.017368675
69.418 2.060653945
73.419 1.945558163
77.586 1.994627511
82.032 1.812666701
87.185 1.756504285
91.713 1.665983681
95.54 2.126409906
100.236 1.739753824
104.027 2.229882551
107.649 2.254940813
112.0 1.899330218
117.505 1.577512613
121.947 1.981111781
125.66 2.184858573
129.178 2.059086292
133.05 2.134640095
136.785 2.158620389
140.974 2.060612512
145.289 1.833297382
149.488 1.993581229
153.596 1.979640613
157.955 1.944929379
162.098 1.933953487
166.629 1.891401888
170.784 1.791002263
175.633 1.696843351
178.569 2.001014778
