0.957 0.7255749864
1.818 0.7306855731
3.749 0.7193481066
8.681 0.7162077646
13.901 0.7164360017
16.739 0.7168107818
18.484 0.7930498325
20.212 1.562591684
24.467 0.7666117253
28.246 0.9145392742
31.957 0.9598563145
35.899 0.9273125107
39.344 1.058915595
41.98 1.503019481
43.359 2.439089254
45.562 1.594182109
48.139 1.422944543
50.271 1.597742529
51.742 2.562013224
54.657 2.813845887
57.066 3.214931936
59.897 2.902725168
62.396 3.457415197
64.698 3.46863198
68.57 2.161023111
72.662 1.932556798
77.704 1.785005256
81.468 2.116977244
84.393 2.754080676
89.123 1.744277561
92.881 2.142364675
95.896 2.673780221
99.257 2.506928934
102.074 3.07406867
107.176 1.695468565
111.299 1.951243893
114.463 2.497695439
117.429 2.735555903
120.805 2.40960752
123.956 2.619033094
126.332 3.37181694
128.697 3.546851632
131.02 3.566573486
133.877 2.982037675
138.379 1.76785236
143.942 1.564833997
148.554 1.607836063
153.926 1.508163309
158.993 1.071684965
