0.314 2.217166844
0.668 2.234374417
0.941 2.213697593
1.66 2.188040539
2.838 2.15671585
4.437 1.952591414
8.853 1.849141166
14.321 1.574900302
18.356 1.938053987
24.254 1.381147909
30.359 1.338311321
36.401 1.306227366
40.438 1.34916112
43.553 1.352717533
45.757 1.424128068
48.216 1.42958712
50.827 1.42973394
53.205 1.43866598
55.833 1.458486289
58.265 1.459042148
60.476 1.533265754
62.633 1.675211658
68.504 1.426661312
72.7 1.858983203
78.279 1.487308647
84.414 1.284356265
88.945 2.010547436
93.008 1.833373194
98.233 1.5507841
102.017 2.170353449
105.538 2.427528101
108.846 2.465819538
112.552 2.235946767
116.866 1.999517633
124.566 1.121525653
138.83 0.5614823483
140.229 0.9137301839
141.788 0.9161409059
143.072 1.127599042
143.93 1.77651886
145.587 1.337997356
149.46 0.9931385016
152.417 1.13674394
155.18 1.359412332
157.787 1.386366485
159.384 2.319322708
162.559 2.315059416
166.091 2.302754377
168.646 2.187327475
