1.46 0.4765580601
2.746 0.4810498536
3.896 0.493098516
5.207 0.4975494543
6.579 0.4926635765
7.604 0.4918855899
8.712 0.5878387383
15.022 0.6386011477
20.471 0.594052307
28.535 0.4258760314
32.862 0.8274075024
36.906 0.8567687771
41.937 0.7173020914
46.371 0.8870789157
51.143 0.6492837975
56.964 0.6187150024
64.032 0.5148598024
65.304 0.4854754218
66.714 0.4843861508
67.918 0.487467772
71.024 0.484673009
76.441 0.6719220738
81.003 0.8046294601
84.673 0.916208528
88.059 1.060703534
91.682 0.9470939052
96.41 0.872455397
99.04 0.7213631178
102.789 0.6379279772
106.524 1.009083764
110.384 0.8652061805
113.865 1.062624974
116.833 1.130147574
120.602 1.101561889
125.063 0.8800018581
129.279 0.8452414083
132.641 0.8176968312
137.347 0.7558376467
143.109 0.5954747632
148.858 0.6163496621
152.381 0.9250094401
156.051 1.049740834
159.154 1.157499096
162.323 1.16639854
165.442 1.180384171
170.719 0.7019472069
175.473 0.6658099375
178.181 1.183533545
180.484 0.9843180451
