0.883 0.7872361902
1.654 0.7938312399
2.378 0.7966599302
3.157 0.7963532587
4.368 1.349966857
6.198 1.669274229
8.081 1.901862147
11.511 1.161896698
13.266 1.917919782
16.985 2.194361187
22.402 1.52859495
26.758 1.843125911
30.789 2.065969479
35.306 1.924857814
39.475 1.835025869
43.489 2.010668256
52.57 0.9503279559
65.791 0.5906902243
67.991 1.767160636
70.058 1.764789038
71.927 1.827247287
73.794 1.990545617
77.886 2.078275232
81.566 2.136942467
85.268 2.223036619
88.045 2.857927061
91.2 3.070553494
94.817 2.08805185
99.445 1.751216275
103.966 1.806922771
107.323 2.371142079
111.125 2.149382648
115.332 1.977681622
120.085 1.819843391
124.331 2.084545252
127.783 2.504627447
130.889 2.394671784
134.367 2.377328344
137.957 2.235844274
141.94 2.031250094
146.907 1.601234423
152.045 1.61483249
155.811 2.134350223
159.082 2.59895475
162.738 2.367905303
166.692 2.151999367
170.344 2.06416305
174.512 1.954141391
177.726 1.71249338
