0.498 1.394300799
1.036 1.408036433
2.066 1.380843879
3.147 1.380802282
4.977 1.378241798
5.871 1.385902021
6.864 1.382196441
9.785 1.374917842
15.543 1.358980266
21.439 1.384940969
27.148 1.433718512
32.673 1.43361746
38.167 1.507691541
40.77 1.508311803
42.833 1.512959819
45.378 1.510720749
47.798 1.509563753
50.089 1.511952774
52.705 1.473697137
55.161 1.465889189
60.369 1.472678449
65.768 1.512084515
71.305 1.504866567
76.497 1.496406475
82.175 1.461651571
87.567 1.462319355
93.804 1.439771569
99.133 1.405504148
104.92 1.439973629
107.415 1.512364292
109.62 1.542663442
112.021 1.53822792
114.273 1.524129576
116.847 1.519755471
119.525 1.462286613
122.042 1.44550548
123.921 1.500543825
126.517 1.508735562
131.854 1.514741827
137.249 1.496029398
142.615 1.479782302
148.196 1.48200567
153.628 1.485568817
159.397 1.452962557
165.27 1.373187613
171.468 1.357409607
173.867 1.428582487
176.119 1.427107538
177.769 1.429725119
