1.974 0.3518396917
3.694 0.3563441957
5.342 0.3550982488
7.104 0.3538264785
8.992 0.3516176133
10.488 0.3556023757
12.186 0.3524125934
14.106 0.3514441518
23.567 0.3415784774
33.534 0.3442720764
35.203 0.3425941547
37.233 0.3414554582
39.086 0.3474251482
41.11 0.3443854735
44.989 0.3378445525
49.088 0.3473196067
53.173 0.3434402834
62.966 0.3397839413
64.802 0.3533431428
66.684 0.3080704614
71.501 0.3041769244
73.903 0.2645359307
76.191 0.2910505409
77.796 0.3603269162
81.646 0.3631884952
85.775 0.3527349357
97.628 0.34090153
98.935 0.3548992035
100.726 0.3443982323
102.645 0.3445217862
104.356 0.3668864959
108.588 0.3608960935
118.267 0.3461745408
129.328 0.3510858203
131.324 0.3590081785
133.09 0.3658203765
134.59 0.3686317696
136.01 0.3693173564
140.119 0.3558138065
144.374 0.3537469395
147.987 0.3648022154
152.166 0.3488350233
156.235 0.348277633
161.015 0.3504409789
162.792 0.3813838891
167.027 0.3599048183
170.669 0.3699011484
179.958 0.3422327676
182.822 0.3459516756
