2.66 0.2609941673
5.008 0.2607944903
7.182 0.2599794775
9.488 0.2630356987
11.779 0.2900509797
13.386 0.3098619646
14.787 0.4332853922
16.352 0.4311048263
17.749 0.4345645611
23.893 0.5640189949
28.546 0.7716990502
33.597 0.6878673734
39.159 0.6487296498
45.881 0.5805217539
51.087 0.5935480355
56.963 0.5996975661
63.204 0.5825957323
64.345 0.5596789578
65.537 0.5587378852
66.475 0.6253315691
68.84 0.6269254883
71.274 0.6351260769
73.866 0.5915124908
79.397 0.5957537681
85.525 0.5577150491
91.694 0.5568930945
99.521 0.5214284209
104.125 0.6272746057
110.379 0.5893268727
116.735 0.5757732075
119.061 0.5985827426
120.107 0.6026749629
122.617 0.5782482667
123.83 0.5567347003
126.636 0.5535831291
128.99 0.6031397457
133.784 0.5834910033
139.894 0.5767741765
145.919 0.5746199857
151.984 0.5817512105
157.683 0.5656567914
164.621 0.5541655098
165.712 0.5568352731
167.001 0.5496913714
169.535 0.6209588078
171.982 0.6227944772
174.198 0.5706213731
180.145 0.5419520105
183.965 0.5976688318
