1.633 0.427726684
3.105 0.4274024918
4.461 0.4299330037
5.898 0.4298531345
7.476 0.427830298
8.648 0.4297810964
11.873 0.4221771557
21.965 0.394463929
23.429 0.4068129781
24.821 0.4090290581
28.079 0.4215124735
31.74 0.4205850495
35.311 0.4164271421
45.062 0.4014207588
48.288 0.4229895865
56.779 0.4213852329
58.081 0.4350473449
59.438 0.4336212359
60.978 0.4326092908
64.166 0.4194627718
67.684 0.4195972402
71.273 0.4220957072
77.17 0.420717027
84.995 0.4204323851
93.283 0.4199868514
94.742 0.4140240856
96.559 0.3973034952
97.687 0.4018052207
99.29 0.3989920861
103.115 0.4074806172
106.397 0.4231327993
110.164 0.4127098896
118.287 0.4100286316
127.853 0.4176402085
129.5 0.4325792449
131.025 0.4348128159
132.266 0.437873873
133.41 0.4380601882
136.869 0.4245078747
140.432 0.4186667898
148.595 0.3973040422
158.172 0.4047408395
166.385 0.4147656548
167.956 0.4255910618
169.505 0.4264065583
171.038 0.4289494809
174.242 0.4233072957
177.163 0.4171252242
179.524 0.4195940993
