1.831 0.3809779647
3.473 0.3840099362
4.923 0.3822328688
6.565 0.3833902293
8.182 0.3976107609
9.296 0.4452613633
10.908 0.3918924922
14.416 0.4848208548
20.856 0.5028117482
26.285 0.6361045064
30.619 0.8114662715
35.986 0.6502496264
41.269 0.6734136269
45.79 0.8645985575
51.625 0.5364540697
60.81 0.3785962804
61.375 1.186229094
61.891 1.184436864
63.186 0.5358627278
65.72 0.5255959791
68.475 0.5453490686
70.75 0.6706335762
79.512 0.4148769252
84.98 0.6088043561
91.8 0.4935947139
93.198 0.4584430027
94.834 0.4553215695
95.847 0.4604204589
101.012 0.2949173338
104.189 0.4890837612
106.151 0.7329181436
109.983 0.3963421032
116.082 0.5475003964
122.393 0.6148906854
131.052 0.4501200682
132.333 0.5011153599
135.33 0.4413323542
139.241 0.3561691869
140.17 0.6433743772
142.514 0.6365275634
145.809 0.6664613884
151.895 0.6388503197
159.281 0.4546975758
165.399 0.5970392001
172.109 0.5426104297
183.081 0.3381406336
183.755 0.8157540025
184.38 0.7950984492
185.657 0.7765571055
