0.929 0.7488769517
1.795 0.7535194972
2.622 0.7517614659
4.604 0.7609557786
6.099 1.11012503
7.096 1.34043691
10.066 1.181823811
12.108 1.973306298
13.788 2.006476483
17.497 2.250046315
20.12 3.215886511
23.069 2.732488904
26.882 2.176490093
31.052 2.09287829
34.247 2.376355578
37.843 2.26491683
40.949 2.799749882
44.534 2.297738908
48.255 2.264963256
51.868 2.253447928
55.412 2.165308039
58.587 2.628474186
62.254 2.328324125
66.117 1.996125308
69.96 2.168512661
73.96 1.980956273
79.197 1.784290396
83.472 1.763723527
87.931 1.796383391
92.804 1.680200573
98.614 1.379006314
103.94 1.529629581
108.665 1.751563715
112.883 2.039795686
117.164 2.066977449
122.239 1.64903511
126.369 1.761882867
130.813 1.815001872
136.254 1.486654274
143.221 1.156594157
148.032 1.662324333
151.714 2.255923678
154.296 3.168537585
157.446 2.716117238
161.336 2.173836057
165.423 2.082804971
168.556 2.392506467
172.127 2.277888033
174.202 2.677060434
