0.32 2.181406088
0.671 2.192056719
1.316 2.156855315
2.068 2.15488841
2.816 2.159185354
4.296 2.146725143
11.216 1.178454135
18.088 1.257734495
24.215 1.275120577
28.928 1.747977922
35.558 1.234688254
37.049 1.542052737
38.721 1.442304253
42.022 1.277417153
45.046 1.042352945
47.732 1.311637992
50.58 1.300933741
53.089 1.328981482
56.336 1.18056779
57.803 2.468422599
62.534 1.640484188
68.048 1.489823425
71.675 2.316574803
74.823 2.440064602
78.223 2.452982808
81.524 2.43265615
85.271 2.429982612
88.334 2.428111933
91.837 2.453650986
95.242 2.415193802
98.574 2.408191174
101.937 2.400617579
105.363 2.427770618
108.887 2.446346853
112.539 2.431772619
115.93 2.400582117
119.01 2.378717942
122.639 2.391563843
125.929 2.463453498
129.273 2.444965657
132.523 2.440972985
135.973 2.417684347
139.58 2.210875945
144.612 1.651186294
148.385 2.153110298
152.058 2.353200097
155.344 2.398011906
158.826 2.347946101
161.132 2.398877366
