3.941 0.1758283638
7.383 0.1778435691
10.479 0.1769452158
13.916 0.1762659957
17.64 0.1735008143
20.577 0.1727659942
24.054 0.172007112
27.929 0.1755312811
31.395 0.1728610187
34.994 0.1548239852
38.658 0.1548561779
42.299 0.1758981631
45.844 0.1811325901
49.629 0.1856736784
52.601 0.1889519573
55.777 0.1755291015
59.549 0.1493991302
63.574 0.1475477052
68.104 0.1419078227
72.069 0.1420129688
75.766 0.1733611468
79.265 0.1772358787
82.31 0.2110594957
84.874 0.2171435742
87.685 0.2034563372
91.084 0.1776591097
95.087 0.1759708328
97.566 0.1782144707
100.964 0.1763446504
109.097 0.1875785868
112.916 0.1631060856
116.85 0.1586674063
120.509 0.1550816579
124.731 0.1532142875
129.721 0.1403402473
134.514 0.131685617
138.479 0.1319878647
142.179 0.1323607972
146.614 0.1311917434
150.964 0.136542794
155.174 0.137494131
160.217 0.1244678954
164.986 0.1202694756
170.383 0.1240929601
175.141 0.1364538448
179.652 0.1395971581
183.455 0.1437947033
186.901 0.1425516314
190.193 0.1385550699
