0.247 2.817649531
0.51 2.836779284
1.074 2.794212988
1.615 2.794157859
2.578 2.784933541
5.209 2.774553696
8.197 2.776910956
11.374 2.776608778
14.365 2.582980736
17.446 2.654166476
20.489 2.710271099
23.481 2.722974667
26.637 2.624018707
30.111 2.634993713
34.863 1.60175653
37.851 2.717746434
41.052 2.708056961
45.28 1.837089093
48.61 2.500097153
51.512 2.859990954
56.721 1.483331255
67.964 0.7259415794
73.769 1.48458899
76.953 2.422957712
80.36 2.425191112
84.631 1.856060713
89.622 1.812232304
93.085 2.177947194
97.125 2.026547879
101.382 1.931807282
104.13 2.883468815
107.153 2.900964162
110.187 2.733073765
113.426 2.727139471
116.451 2.914824226
119.342 2.810974195
122.078 2.671496917
125.076 2.688597522
128.034 2.71080846
131.706 2.219297434
135.945 1.989055593
138.967 2.745215233
141.96 2.6728165
145.36 2.461759703
148.145 2.888913707
151.018 2.971626438
154.026 2.499058657
157.707 2.226017214
160.501 1.983155219
