1.291 0.537976044
5.714 0.5326995734
8.76 0.7269367614
10.726 1.206066375
12.508 1.434413495
14.8 1.364310668
17.636 1.238308038
20.796 1.280727042
23.534 1.210778366
26.117 1.360825653
28.895 1.303429045
31.36 1.458961111
33.762 1.499341536
36.573 1.501848449
38.623 1.522001412
40.973 1.522104727
43.378 1.521701591
48.448 1.52148193
53.978 1.512325338
59.368 1.501455105
64.47 1.500640698
69.866 1.512366989
75.374 1.513965248
80.466 1.505592336
86.014 1.478925635
91.541 1.495268311
97.623 1.483640732
102.72 1.465892516
108.219 1.469284713
110.785 1.468909065
113.095 1.492351497
115.596 1.491693294
117.915 1.492348089
120.595 1.492080729
123.283 1.48678148
125.687 1.482741896
127.645 1.48330563
130.256 1.484359732
132.599 1.480470765
138.157 1.466620039
143.545 1.472005669
149.089 1.484442289
154.777 1.41906277
161.605 1.217265932
170.258 0.9258601269
176.636 1.322813605
179.28 1.301062703
181.948 1.197033927
183.693 1.329064282
