0.331 2.100111451
1.129 2.077924024
1.841 2.067983305
2.595 2.076242847
3.45 2.071532362
4.955 2.063472644
6.62 2.092048362
10.759 2.103886325
14.458 2.095839632
18.596 1.974227082
22.529 2.115869848
26.111 2.234395212
29.889 2.234482488
33.797 2.236089777
37.246 2.238037851
41.128 2.2074665
45.069 2.207006774
48.739 2.110956605
52.878 2.030061685
56.855 2.03404529
60.286 2.246739523
64.016 2.244441501
67.782 2.249720207
71.289 2.249479674
75.391 2.14619815
80.268 1.646146762
85.726 1.646175178
90.277 1.64358641
95.25 1.641177055
100.009 1.714191001
104.393 1.836098106
108.868 1.834501791
113.439 1.800314991
118.452 1.791480204
123.074 1.88207791
127.278 1.914242389
130.875 2.003060662
134.543 2.197475443
138.219 2.198683427
141.934 2.202762933
145.564 2.205524804
149.372 2.16055227
153.353 2.104192782
157.334 2.103001347
161.175 2.098239422
165.194 2.097969757
168.718 2.141107197
172.376 2.24912682
174.881 2.251036042
