0.86 0.8108343973
1.631 0.8173770818
2.363 0.8192424164
3.126 0.8200744196
5.134 0.8044468816
8.19 1.006980229
10.417 1.59857516
13.097 1.525972646
15.694 1.278613188
18.653 1.200332797
21.351 1.326678064
24.174 1.237313285
26.951 1.287734285
30.432 1.19320488
32.898 1.283569439
35.712 1.273217747
38.671 1.26035081
44.839 1.251742078
52.397 1.104468645
59.075 1.223840522
65.071 1.274737797
71.611 1.246259313
74.956 1.180175953
77.809 1.164204821
80.69 1.204527742
83.596 1.212143926
87.063 1.197180948
89.504 1.181494188
92.655 1.192246128
95.755 1.195151235
98.544 1.191800883
101.83 1.173241917
108.794 1.185458322
116.281 1.156013592
124.089 1.120062284
131.071 1.164024784
134.85 1.142562011
138.299 1.032598075
141.681 1.039653878
144.697 1.203135107
147.724 1.173945804
151.079 1.16916857
153.871 1.198312404
156.884 1.222278632
159.972 1.208374311
163.038 1.210783316
165.663 1.214154782
168.306 1.217872042
172.902 1.189539234
