0.367 1.899539009
0.713 1.909910805
1.083 1.919627064
1.412 1.914412139
3.497 1.873449373
5.203 1.872818666
7.916 3.080718872
10.633 3.24025703
14.886 1.828221659
19.11 1.968927791
23.136 2.058232864
26.997 2.064515111
31.119 2.04948294
35.726 1.873721454
39.899 1.913642935
44.536 1.768997127
48.827 2.018686689
52.67 2.036326826
57.005 1.92324121
61.035 2.04337102
65.115 1.893968889
69.373 1.944212415
73.448 2.04585846
77.403 2.054374844
81.538 2.018885825
85.554 1.984973421
89.959 2.049389659
93.843 1.914229162
97.695 2.097758148
101.744 2.045702908
105.835 1.95239344
110.119 1.898587287
114.702 1.895354876
119.049 2.006119813
123.488 1.960300833
127.76 1.92254913
131.343 2.020059762
135.466 1.969384427
139.602 1.939698722
143.888 1.911135473
148.033 1.949986624
153.219 1.65327306
157.188 2.03528291
161.499 1.969995295
165.494 2.035032931
169.727 2.029685097
173.516 1.967831729
177.634 1.9910303
180.371 2.004776084
