0.86 0.8088946021
1.631 0.8162242227
2.362 0.8205345969
4.204 0.8044266687
5.071 0.8105958046
6.656 0.7780342929
15.157 0.3995015849
20.64 0.737040226
26.883 0.5173253946
31.863 0.7030697999
37.186 0.665612471
41.106 0.9056555306
42.186 0.6260928587
44.584 0.7171988253
46.825 0.932921933
51.02 0.8391662422
55.785 0.7732862064
60.378 0.7391844502
69.464 0.4077610392
71.145 0.3312439032
72.759 0.4466723227
73.56 0.7964792811
78.463 0.5247886578
97.501 0.1732813251
98.589 0.573396379
99.727 0.5777954696
101.841 0.3374602754
103.772 0.234919075
106.333 0.2341625686
110.563 0.3672046183
113.249 0.5109068961
116.0 0.5602171865
119.662 0.9827223533
123.426 1.037741946
132.123 0.4456525057
140.362 0.4364909013
144.365 0.6854101851
149.655 0.6689431098
150.39 0.8044591163
151.482 0.5922652402
152.991 0.3840816515
159.388 0.2294599062
166.932 0.1902220057
169.724 0.2453829016
170.933 0.5699764728
172.082 0.5719326412
173.398 0.4744691647
178.698 0.3986725467
188.024 0.2440841262
