0.572 1.216251596
1.088 1.223473518
2.304 1.202670475
3.6 1.200191013
4.984 1.203508188
7.492 1.205361852
10.451 1.187239289
13.846 1.184220741
16.601 1.180148556
19.62 1.169364459
22.606 1.208781707
25.563 1.197792222
28.57 1.191459157
32.042 1.190257786
34.686 1.188249936
37.709 1.186957575
40.789 1.208259697
43.677 1.193243424
46.834 1.177540693
53.802 1.1651815
60.351 1.178508756
67.779 1.099212559
74.921 1.162360715
81.507 1.170810179
84.388 1.204527742
87.313 1.204346002
90.797 1.183034054
93.397 1.137188156
96.566 1.185605176
99.684 1.184233051
102.466 1.180970268
105.538 1.174794851
108.705 1.135997199
112.193 1.140716932
115.637 1.149222541
118.703 1.176258898
121.099 1.186644504
124.157 1.18668052
127.095 1.173989148
130.202 1.158440329
133.098 1.147783101
140.102 1.180394696
146.83 1.193171145
153.945 1.173983827
160.619 1.197404621
168.24 1.110460272
170.904 1.193520247
173.675 1.183088774
175.598 1.183587532
