1.07 0.6521078952
2.01 0.6576170158
2.924 0.6560137887
3.915 0.6584880021
4.967 0.653004139
9.674 0.6436929139
15.247 0.6108447338
24.114 0.4504041207
25.268 0.5490580644
26.278 0.552801024
27.299 0.5513009385
28.685 0.5469074712
30.905 1.076047195
34.246 1.268589986
36.723 1.271289033
39.518 1.269452223
42.447 1.268353037
45.222 1.217046581
62.366 0.4869898004
66.843 0.7777374961
73.067 0.5400511035
77.949 0.7359411612
84.841 0.5438327796
88.776 0.3376855789
92.19 0.4038349302
95.199 0.4967818088
97.658 0.6800153812
100.174 0.4228432298
104.66 0.3395651017
105.959 0.4569955103
107.331 0.4556815934
108.655 0.4853355957
113.939 0.6335873525
118.299 0.9018876728
125.154 0.568195334
132.086 0.5135487509
136.647 0.6022840276
142.301 0.6267888851
148.02 0.6056109579
149.984 0.7821272483
151.669 0.7822265398
153.367 0.8710253322
154.913 0.9282731814
159.667 0.7797748313
164.443 0.7562266197
168.913 0.8324825125
172.534 0.8803486952
177.278 0.6774691691
180.618 0.6782922461
