0.397 1.751906444
1.372 1.733221675
2.166 1.732931561
3.033 1.734422378
5.261 1.72846448
7.034 1.728337876
10.043 2.741808221
13.153 2.795745235
17.367 1.839216497
21.339 2.054141061
25.258 2.101569714
28.326 2.59468588
31.7 2.495726265
36.221 1.920054403
39.072 2.901353621
42.561 2.320046652
46.461 2.214466755
51.243 1.621304025
54.641 2.479087934
60.608 1.362016065
63.937 2.35190309
68.323 1.877917071
74.806 1.292542206
77.883 2.731049317
82.66 1.750772921
86.132 2.290353948
91.555 1.66743006
94.307 2.726887044
98.893 1.773908532
101.03 3.975230095
103.85 2.867689161
109.689 1.383420831
113.643 2.237788568
121.257 1.129158106
124.426 2.756633702
128.066 2.240093762
132.021 1.826787224
136.804 1.703887209
140.989 1.948747157
145.221 1.942290236
151.814 1.206591723
158.155 1.344224498
160.469 1.465136633
163.95 1.055604273
167.487 1.030066695
172.474 1.114337551
175.038 1.230105064
176.703 1.978755015
177.934 1.985304578
