0.764 0.9125990383
1.45 0.927408612
2.97 0.9061787954
4.592 0.904148983
7.415 0.9037819306
10.317 1.066829394
13.161 1.227477355
16.262 1.294597732
18.721 1.318470208
21.317 1.360281105
24.236 1.238765662
27.245 1.164679194
30.177 1.230591638
32.718 1.666772576
37.928 1.457764346
45.25 1.107090846
50.29 1.710552147
58.623 0.933089101
60.633 1.912507529
62.51 1.907853558
64.347 1.91039967
66.206 1.980559602
74.466 1.037702163
82.021 1.014712572
84.774 1.25522564
86.966 1.564419738
89.223 1.812843039
90.705 2.018773534
95.035 1.878404209
100.666 1.449638203
105.832 1.537023072
109.994 2.052737745
114.079 2.053937995
118.25 2.054080659
122.492 2.053626159
126.379 2.115875243
130.447 1.769304078
136.938 1.2430475
146.903 0.8040161235
150.004 1.160771195
152.21 1.52198884
154.819 1.520198847
156.25 1.036745553
158.978 0.6177534801
164.828 0.6154453011
170.868 0.6156974995
174.308 0.9169210445
176.238 1.924327157
177.467 1.926913267
