0.336 2.0871478
1.138 2.057750005
1.844 2.064711179
2.6 2.067189463
3.864 1.335831078
7.194 0.9196464501
9.926 1.288029775
13.799 1.045491463
15.835 1.651347902
17.716 1.882249436
23.83 1.345214424
30.343 1.217938521
37.837 1.108800133
41.917 1.012140973
45.028 1.0160169
52.035 0.4965107379
61.19 0.3978954144
64.384 0.4566462831
65.9 0.4263135215
67.302 0.4219225885
68.809 0.4315531712
69.993 0.5574598577
72.949 0.5328884365
75.919 0.4494957074
78.65 1.267130284
83.48 0.7139322277
88.164 0.8632399811
91.01 1.013012438
93.88 1.308194866
95.725 2.000922988
97.607 1.808936085
101.532 2.093620362
106.776 1.579462397
110.254 2.475537837
114.865 1.882903564
120.197 1.510080249
122.562 3.173738338
127.468 1.644261679
132.299 1.662598905
135.894 2.425649611
138.236 3.528045975
141.056 2.960232091
145.044 2.005801048
148.965 2.143412175
151.738 2.901640199
154.237 3.441603601
156.278 3.708567473
158.622 3.464082968
160.619 3.105826665
