0.292 2.397999601
1.039 2.358724568
1.66 2.368234964
2.311 2.362502243
3.986 2.355499561
7.185 2.349435026
10.353 2.636423345
13.524 2.731207352
16.435 2.70258854
19.495 2.703070716
22.628 2.677065791
25.618 2.68834075
28.788 2.668320321
32.193 2.735487979
35.002 2.767859057
38.054 2.718669269
41.278 2.685006034
45.642 1.766350362
50.066 1.898051699
56.054 1.351916856
59.814 2.048390759
63.972 1.993523884
67.665 2.38683487
77.842 0.7501964775
81.851 2.063442666
87.501 1.400593838
96.908 0.9595892999
99.86 0.9937373599
101.251 2.692311755
102.654 2.692636721
106.142 0.9455323655
110.093 0.9178464424
111.811 2.075737631
113.351 2.665093677
114.822 2.697221243
117.865 2.694166822
120.744 2.518839951
124.17 2.37591411
127.511 2.403041832
132.255 1.717472648
136.94 1.69501755
149.11 0.673504939
153.19 1.985616887
156.819 2.487727633
162.76 1.350660954
170.372 1.106197186
177.016 1.105432978
181.707 1.107000771
183.931 1.054693057
