1.644 0.4223834399
3.112 0.4252042424
4.486 0.4236310541
5.915 0.4244878604
9.745 0.4170150955
13.208 0.8910450055
17.192 0.8712358671
20.459 1.256254551
23.265 1.153122254
25.49 1.560763307
29.217 0.9699768861
32.081 1.235074209
35.958 0.9178924338
40.276 0.9477003362
43.339 1.014330845
44.967 2.209696437
46.334 2.713796875
47.769 2.422459628
51.061 2.543202277
53.77 3.014759348
56.319 3.021600705
61.973 1.454230374
71.973 0.8298907624
83.135 0.6843601529
84.406 2.790438955
85.844 2.520389016
91.998 1.51157697
98.825 1.095478816
103.332 1.796383391
105.27 4.323222848
106.929 4.840108369
108.678 4.775406636
110.512 4.507757725
112.815 3.848845253
115.523 3.281405714
118.668 2.780590583
121.391 2.662532163
125.145 2.196871077
130.881 1.399620379
135.449 1.762599441
138.713 2.447829651
142.447 2.232986284
145.935 2.304475073
149.5 2.363768696
152.994 2.476211749
156.418 2.524535814
160.122 2.020147388
164.512 1.863726572
167.613 1.777568128
