1.856 0.3763137937
3.497 0.3792286854
5.048 0.3753383365
6.694 0.3786198205
8.485 0.3736612498
9.801 0.3785259777
11.486 0.3776182624
14.092 0.6462993429
18.112 0.8165352174
23.06 0.7035063084
30.789 0.4577447555
39.419 0.4031317235
41.016 0.4095333425
42.794 0.4078027985
44.227 0.4118107085
45.602 0.4112516359
49.063 0.4056103438
52.994 0.3618391779
54.508 1.123361661
57.436 1.215008578
60.726 1.033807303
65.462 0.7649351833
69.507 0.9065248826
75.019 0.6037177991
79.897 0.7002422283
85.687 0.5964177194
93.978 0.4921433295
102.723 0.3322995908
110.832 0.4535556528
114.11 0.4720371155
116.996 0.4848781605
118.355 0.4845327245
121.287 0.4845553457
124.333 0.5132381978
127.356 0.5119789063
130.4 0.4593407871
133.5 0.404966209
137.155 0.4047230966
144.169 0.4885681926
150.81 0.5272535724
153.327 0.5388671719
156.12 0.534064076
162.261 0.547873928
168.542 0.583387096
171.587 0.5053086655
174.531 0.5068555745
175.422 0.6549011006
176.114 0.7503995586
177.491 0.7526158192
