0.924 0.753886162
3.024 0.7462966566
4.873 0.747363955
8.011 0.746202158
11.086 0.8212587243
13.076 1.044462553
15.682 1.316730986
18.609 1.361159175
21.516 1.133752437
23.55 1.754046688
25.053 2.42091184
26.378 2.684901683
31.137 1.738245895
34.664 2.451085956
38.452 1.990760651
41.697 2.511443223
43.864 4.140417667
46.201 3.336525052
49.123 2.93439467
52.349 2.553238264
55.727 2.426363726
59.125 2.438464004
62.283 2.687226771
65.264 2.660336354
68.461 2.581431606
71.313 2.789711488
74.385 2.993196587
79.091 1.600202039
83.889 1.698035627
86.232 3.959587281
88.791 3.159299032
92.213 2.4158619
95.583 2.490078205
98.689 2.852430587
101.886 2.785255466
105.761 2.124895761
109.782 1.797812503
112.657 2.908894114
115.611 2.927793128
118.496 2.862249147
121.524 2.688668564
125.812 1.932422613
139.142 0.5969465379
145.447 1.325137307
150.83 1.489647174
154.293 2.46787169
158.651 1.720460429
162.261 2.384971136
165.059 1.939165231
