0.326 2.133236238
0.676 2.159339455
1.328 2.114906751
4.1 2.100635784
5.959 2.119814928
7.398 2.13901974
12.707 1.544212558
16.764 2.154434935
20.38 2.14343229
24.276 2.142502944
28.132 2.170982462
31.962 2.083213437
35.901 2.112706064
39.957 2.143768948
43.74 2.105385312
47.601 2.11308551
51.738 2.113884125
55.421 2.122654896
59.313 2.172053903
63.15 2.144993215
66.79 2.120525257
70.753 2.104966327
74.723 2.111196301
78.587 2.119665821
82.401 2.203763476
85.556 2.570820797
89.074 2.56867865
92.061 2.571092236
95.2 2.567921924
98.514 2.510867418
102.148 2.221689087
105.908 2.161595049
110.062 2.110312265
114.218 2.069070301
118.452 2.072967241
122.454 2.021991327
125.96 2.068630145
129.827 2.092148569
133.588 2.157446907
138.306 1.73652662
142.325 2.003793102
147.332 1.71793596
151.903 1.758259551
155.863 2.143412175
159.635 2.122467213
163.573 2.162581145
166.972 2.171703548
170.75 2.143285558
173.31 2.133935328
