0.268 2.610949372
0.529 2.618565493
1.115 2.568695798
1.763 2.562570001
2.407 2.57287801
5.645 2.3022516
9.526 2.102507902
12.837 2.637348524
16.013 2.460773408
20.538 1.822603588
24.215 2.241402464
28.29 1.962947601
33.488 1.619394402
36.793 2.828743251
39.303 3.111965022
42.162 2.903002537
44.515 3.686943351
46.901 3.337978875
50.034 2.726178546
53.925 2.100621792
58.844 1.571833306
61.601 3.009554087
65.873 2.080368157
69.945 1.885256955
73.703 2.201973739
77.336 2.219591878
82.156 1.876736781
87.218 1.465306862
93.54 1.275709285
97.739 1.950058368
102.966 1.525094294
108.475 1.516563269
113.277 1.747807413
118.132 1.762890779
123.205 1.718894142
128.402 1.566745342
134.82 1.132579106
138.717 1.468858577
140.864 1.652770052
143.024 1.639706159
145.568 1.301195023
149.013 1.124678085
152.161 1.083324819
155.286 1.180845458
159.416 0.8920032421
163.816 0.8516981266
167.639 0.8753608839
170.994 0.9621635785
173.293 1.026976365
