0.354 1.971533199
0.704 1.975095474
1.479 1.95051938
3.303 1.939362589
5.32 1.941128957
6.877 2.031120994
10.538 2.211428124
14.378 2.259585075
17.79 2.260680952
21.447 2.279284205
25.003 2.313229954
28.932 2.043476154
32.856 2.136320923
36.831 2.157430489
40.534 2.172213209
44.183 2.238948824
48.119 2.233046445
51.788 2.139849586
55.876 2.082258884
59.46 2.258523262
62.916 2.226956082
66.699 2.193956773
70.574 2.195330053
74.24 2.209602237
78.863 1.785749943
83.325 1.775270947
88.949 1.608437949
94.401 1.361419107
99.546 1.577277431
104.568 1.624589494
108.27 2.146459856
112.173 2.066543017
116.071 2.221320787
120.048 2.158870053
124.06 2.173204392
127.835 2.13971929
131.297 2.107706984
134.951 2.254536618
138.743 2.125668766
143.03 1.892558765
146.616 2.237616605
150.685 2.1468526
155.476 1.691199298
160.275 1.733364193
164.916 1.716782776
169.864 1.721865556
173.158 2.244539144
177.156 2.03242596
179.594 2.234997646
