0.393 1.770251014
0.836 1.780624535
1.205 1.781571693
2.127 1.749355904
4.344 1.739003897
6.342 1.543862434
8.393 1.702830062
11.016 1.572822683
16.399 1.44885787
21.908 1.495582222
28.2 1.307575398
34.325 1.300795616
37.79 1.106488617
41.396 1.107510764
44.593 0.9925881244
48.204 0.9858938453
51.304 1.205424358
53.774 1.394221369
56.397 1.423450974
58.799 1.501111515
61.086 1.524806357
63.615 1.538148886
69.122 1.529093694
74.444 1.454330776
80.242 1.420553788
86.133 1.345022354
96.24 0.8887638379
99.529 0.8827000399
101.932 1.559684051
105.201 1.139615165
108.244 1.188748338
111.412 1.147085635
114.423 1.13248018
116.873 1.632496974
119.441 1.509121415
121.81 1.531239778
123.667 1.545885229
125.941 1.568380094
131.412 1.47067763
143.016 0.6958518889
146.613 0.9149377041
150.744 0.9481866968
153.54 1.209745844
156.169 1.417938891
158.631 1.477680599
161.246 1.441567981
162.844 1.312015407
165.325 1.309022548
169.176 1.418272443
