0.555 1.256944029
1.076 1.266308477
1.528 1.262667317
2.765 1.242119083
3.302 1.253498667
4.37 1.247311819
7.025 1.292478075
9.654 1.552396415
14.789 1.50741778
20.672 1.401053323
27.259 1.235442954
32.902 1.399495927
35.291 1.548792115
37.905 1.547669598
40.17 1.5529364
42.459 1.530926555
44.871 1.526870853
47.068 1.52808214
52.449 1.548326335
57.708 1.544824692
62.869 1.500937561
68.172 1.538814008
73.529 1.554113658
78.531 1.545060211
84.128 1.475170655
89.742 1.417581489
95.882 1.516722764
100.849 1.516503235
106.202 1.50179962
111.661 1.506332512
113.865 1.511092655
116.236 1.529612253
118.392 1.583511247
120.954 1.578303427
122.639 1.584875805
124.98 1.546754542
126.792 1.521595226
129.207 1.523217317
131.715 1.527990396
136.993 1.541976602
142.206 1.540229026
147.631 1.528562282
152.831 1.542773089
158.235 1.551556445
163.458 1.537457285
169.029 1.515179246
174.024 1.485995563
179.508 1.540924258
183.064 1.546608
