0.464 1.499414384
0.902 1.503124607
1.36 1.507880969
2.38 1.479944173
3.448 1.479094121
5.539 1.475076484
8.7 1.089679024
10.659 2.13917532
13.237 3.019598333
19.702 1.261123177
25.688 1.383899125
29.249 2.27535154
32.664 2.44741709
36.398 2.293037065
40.028 2.119744291
43.89 2.116996562
48.227 2.1154593
51.807 2.190011869
55.177 2.526092047
58.381 2.527496731
64.076 1.338609628
70.42 1.283809149
74.24 2.218314717
76.476 3.502183924
78.969 3.299834073
81.914 2.884243148
85.186 2.800360226
89.163 1.90280834
93.496 1.852546568
98.121 1.785282977
102.707 1.748295372
107.127 1.851078615
111.179 2.052903266
115.216 2.122242517
118.844 2.567032699
122.011 2.569179701
124.826 2.626300574
127.939 2.633637731
131.254 2.443733735
134.874 2.239218196
138.662 2.089753851
143.598 1.663766808
148.457 1.663398762
151.61 2.834574274
154.492 2.837066728
157.829 2.59187765
160.779 2.539955508
163.72 2.751763813
165.5 3.147995504
