0.694 0.9973980639
1.391 1.009952834
2.041 1.00817623
2.696 1.00373692
3.427 1.003212629
6.553 0.9850097515
10.409 0.8887065599
17.636 0.5560529024
23.57 0.5441233824
27.913 0.7898100563
34.475 0.5436697819
40.561 0.571322625
43.121 0.5815823825
44.212 0.6803627564
45.087 0.6863511809
47.809 0.5080893314
51.339 0.3959187692
57.514 0.5456351597
67.689 0.3673926963
68.68 0.6194182682
69.68 0.6199585198
76.452 0.528896089
82.096 0.6515955182
90.331 0.4034773627
92.215 0.3085773617
94.312 0.2974521093
96.778 0.2949467534
97.704 0.4975422046
98.81 1.493813978
100.581 0.8936707478
109.276 0.3765035587
116.307 0.5112658467
124.419 0.4119269123
126.933 0.2612609767
129.379 0.2910284449
131.516 0.2914374974
132.998 0.373127279
135.666 0.5334767354
140.116 0.3214352683
144.405 0.3523744974
146.405 0.6872717673
153.159 0.5748882249
163.57 0.3204585812
168.737 0.130193
172.932 0.1574839938
175.909 0.2131693088
178.516 0.2133824612
180.761 0.2164543198
184.24 0.2833508962
