1.039 0.6695404825
1.989 0.6752660139
2.905 0.6729869786
3.89 0.6730529288
4.94 0.6695449928
5.729 0.6739608871
11.68 0.5766474683
19.59 0.5095116623
26.335 0.4810067202
33.496 0.4819711445
34.648 0.5260169473
35.886 0.5975470519
37.039 0.5973213587
39.879 0.5908040049
42.182 0.5579622315
44.982 0.4960624536
52.633 0.4740647145
59.979 0.457004452
61.052 0.6031082466
69.183 0.426943869
76.923 0.4378734917
78.291 0.4733913147
79.731 0.47377691
82.797 0.4339380005
86.086 0.4272942207
89.558 0.4278554021
93.264 0.4379855705
95.7 0.4399514525
99.278 0.4348416163
107.813 0.4291409672
115.024 0.4588770068
121.668 0.5440965578
122.721 0.5427858028
124.31 0.4166924556
126.206 0.38203734
127.909 0.3827695831
131.223 0.3772095232
134.593 0.4156040945
141.672 0.487722187
147.109 0.6436258279
154.46 0.4415893496
162.659 0.4699443742
163.755 0.5337255088
165.054 0.5279572809
166.313 0.5291945106
170.112 0.4002220247
173.324 0.4005858566
176.116 0.4389059929
177.973 0.5490536397
