0.775 0.9004472535
1.458 0.9127807159
2.095 0.9110664351
2.862 0.9076176858
4.644 0.8936733308
8.08 0.8899804356
11.776 0.9215315628
14.644 1.396332492
16.682 1.610273766
18.511 1.885381299
23.695 1.591170771
29.005 1.507398466
34.239 1.60390839
38.932 1.832741405
43.088 1.830073641
47.512 1.861106694
52.811 1.639430056
57.314 1.740663831
62.827 1.581528048
67.672 1.686414678
71.955 1.789021309
73.98 1.807285822
76.007 1.806681803
77.907 1.813510355
88.772 0.7559564117
90.684 1.802010757
93.11 1.667875998
95.065 1.525271297
97.033 1.886583419
101.407 1.872927162
107.067 1.41525675
113.031 1.351133993
117.848 1.723778758
123.121 1.633560209
126.23 1.842753317
128.28 1.785019222
129.707 1.945109535
134.369 1.829132869
138.651 1.872875689
142.813 1.947027529
147.179 1.838454337
151.791 1.774587702
156.398 1.759827675
161.143 1.783552352
165.947 1.670697084
171.006 1.674591892
175.614 1.693303672
180.265 1.762895973
183.335 1.764627526
