1.132 0.6125325067
2.179 0.618272408
3.086 0.6171043113
4.17 0.6176842584
5.225 0.613468066
6.096 0.6189074286
9.692 0.6062272318
17.342 0.5257416086
23.751 0.5024135761
31.732 0.4316077301
32.712 0.6009054649
33.985 0.5981624454
35.138 0.5973213587
36.364 0.5908097081
38.526 0.6007384448
40.716 0.6523886483
53.401 0.2859922739
63.193 0.3423259658
64.736 0.4451305438
66.027 0.4448453777
67.647 0.4453156869
69.084 0.4397042923
72.88 0.4325092779
75.318 0.5414120607
77.973 0.5280918317
85.334 0.4623710366
93.204 0.5161193804
101.81 0.3339917844
114.223 0.2954332951
116.393 0.2993172538
118.546 0.2981419794
119.935 0.4660302816
122.255 0.6196633453
124.907 0.597513108
127.834 0.5341591596
130.418 0.5474690477
135.197 0.5818632387
140.995 0.616604396
148.67 0.4486215498
150.093 0.4154235713
151.49 0.4467443235
153.013 0.4436633824
154.364 0.4460199958
157.924 0.4696777395
165.56 0.4861824949
174.464 0.4140708756
179.596 0.610194297
185.667 0.5312519792
189.8 0.5481082028
