0.705 0.9843317138
1.403 0.9994870015
2.043 0.9985008338
2.706 0.989987099
3.438 0.991756694
6.654 0.9516622479
10.126 0.9932756892
13.038 1.397816899
17.939 0.6575952155
25.958 0.4314981572
31.48 0.6436745899
34.365 1.242720335
37.084 1.32205453
41.156 1.02724353
45.463 0.721137054
52.395 0.5017341121
54.91 0.5684729469
57.759 0.5098461624
61.965 0.5791996218
68.888 0.5005891984
72.435 0.9820710176
75.045 1.405507882
77.305 1.801259046
79.527 1.534508762
83.265 0.9156127821
87.656 0.7780559027
93.924 0.6469418857
97.985 0.7125383091
104.534 0.5653854685
109.44 0.7536699129
116.216 0.4867189825
117.757 0.4199283613
119.832 0.694423335
121.815 0.8124913691
124.02 0.7141725864
126.051 0.7066965179
130.381 0.6379959276
137.826 0.4737061181
141.505 0.9467548337
146.424 0.7205286641
151.909 0.5938502115
162.051 0.380504861
164.292 0.2584355095
166.759 0.2823524842
167.952 0.5586999599
169.106 0.5600958415
171.465 0.5526934125
175.1 0.3278248465
178.17 0.3282962108
