1.774 0.3929319508
3.327 0.3947496411
4.774 0.3947032886
6.327 0.3941052937
8.01 0.3912141914
11.385 0.6018000966
15.19 0.8955591231
19.471 0.9498288682
22.778 0.9739758426
26.199 1.006318082
29.509 1.095861034
34.007 0.7769831601
36.637 1.400379033
39.086 1.624629148
41.546 1.424791998
45.014 1.012343238
47.057 1.845883398
48.893 1.847753839
53.771 1.736455959
60.371 1.224027254
64.026 2.101146322
68.422 1.877481562
72.282 2.192999554
76.06 2.08193902
78.815 3.003726363
81.598 2.912130958
84.343 3.644476989
86.402 3.675013101
88.602 3.786368426
90.831 3.788160444
93.511 3.016245584
96.28 2.988872167
100.35 2.066436604
104.877 1.90502755
109.486 1.876318546
114.068 1.869370322
117.417 2.159985257
120.641 2.550390561
123.659 2.689680505
126.458 2.901785849
129.294 2.81509196
133.421 2.02588808
137.409 2.025879652
141.083 2.310828747
144.541 2.517219077
147.847 2.582266237
150.496 2.818683238
153.26 3.02144289
155.072 3.019651407
