0.332 2.100111451
0.682 2.119791113
0.954 2.106149532
1.693 2.07927829
3.6 2.070104025
5.148 2.069204513
9.097 2.065175672
14.844 1.511736598
23.079 0.9367340087
32.182 0.8905812457
36.751 0.7900105531
41.157 0.7881085541
42.959 0.827816859
44.976 0.826098647
46.533 0.8297426435
48.172 0.8776981299
49.558 1.003862848
52.883 1.009049034
55.835 1.25948816
58.957 1.12842176
62.548 0.9403044589
65.379 1.286431545
67.799 1.509734521
73.375 1.39228004
78.257 1.678170206
81.975 2.138956609
85.413 2.615423023
90.256 1.546232325
93.866 2.233478084
97.177 2.460220337
102.291 1.547005706
106.542 2.02721525
110.183 2.280365407
113.816 2.423347011
117.171 2.630756159
121.007 2.096958662
125.67 1.56770829
129.33 2.20597162
133.669 1.863641036
138.389 1.706823363
145.187 1.209382606
152.151 1.188856926
159.25 1.122096549
162.537 1.126152896
166.016 1.048536439
169.607 1.046086273
172.672 1.045693374
175.782 1.027480166
178.001 1.020857808
