1.07 0.652737343
2.01 0.6576170158
2.925 0.6551875748
3.908 0.6569914385
4.96 0.653004139
6.865 0.6485748375
9.914 0.7033541797
15.065 0.7828218475
18.818 0.8599184927
23.354 0.7690820096
28.332 0.711105919
32.13 0.9190708428
35.269 1.157395093
40.177 0.7927709167
43.787 0.856552364
48.289 0.8211067105
52.429 0.8991700074
56.378 0.8552816964
60.18 0.9776282499
63.235 1.140027955
67.488 0.7949314062
72.391 0.7467683746
77.063 0.7918884613
80.927 0.8565922197
85.495 0.7802278508
89.465 0.87640055
93.96 0.9035582745
97.355 0.8474238664
101.997 0.7910946651
106.211 0.8863673505
109.763 0.9469102909
114.044 0.8424845846
118.546 0.7436457835
123.789 0.7726846635
128.153 0.905472849
132.089 0.9100914489
135.714 0.7749307494
139.217 1.030768849
143.334 0.8430817551
148.682 0.6579394987
152.066 0.9591867189
156.973 0.786764075
160.949 0.8811968523
164.242 1.128960382
168.605 0.8316905957
172.689 0.9208301651
175.951 0.9891241742
180.156 0.7608021336
182.167 1.149980246
