0.346 2.006634681
0.701 2.002432436
1.47 1.977117372
2.229 1.975314375
4.195 1.968962458
5.822 1.9680677
12.983 1.134795342
19.784 1.276773941
23.576 2.085549094
27.345 2.158551655
33.275 1.378002163
38.367 1.12131774
40.925 1.517429241
43.275 1.702846717
45.94 1.162929541
47.505 2.292301911
50.514 1.236513363
53.507 1.138405354
57.099 1.054211467
59.995 1.235098583
62.797 1.237021196
64.69 1.292034928
67.52 1.331133765
69.512 1.709581528
74.772 1.575763462
78.428 2.162584962
83.377 1.830473755
90.396 1.050154066
94.851 1.832452017
97.97 2.626375512
101.385 2.328298576
105.224 2.149961061
109.898 1.854385885
115.074 1.680685242
120.266 1.665533051
124.753 1.796111215
129.185 1.632208288
135.501 1.29106566
141.991 1.244863107
150.657 0.9345367443
151.883 1.813141731
153.966 1.853504476
155.612 2.055210364
157.57 1.944623653
159.697 1.710029226
165.782 1.399700761
169.374 2.105267596
174.174 1.683656372
177.928 1.434679684
