2.735 0.2554725679
5.137 0.2575447147
7.314 0.2572793939
9.489 0.2895104987
10.453 0.7289530617
11.267 0.6330872484
13.426 0.628813242
17.303 1.043279368
22.906 0.5799340621
26.661 0.935684691
30.624 0.8938370487
35.346 0.7378400085
40.447 0.7007467705
46.987 0.5971569033
51.435 0.7099137828
56.132 0.7761908371
61.178 0.7258338433
65.368 0.7944405822
69.409 0.9207837
73.109 0.9563162421
76.647 0.9668961593
80.243 1.007692549
84.015 0.97264096
87.423 0.9835523491
91.04 1.001545856
94.535 0.9853099751
98.742 0.9719830758
101.748 0.964839763
105.734 0.9240211946
109.705 0.9328384221
113.45 0.8957400628
117.881 0.8150206702
121.541 0.9339347187
126.282 0.8596116881
131.647 0.7315637452
136.379 0.7529772271
139.438 0.9002266574
143.727 0.828676499
151.49 0.4424551324
154.875 0.4510218582
155.687 0.7261068688
156.62 0.7601656691
158.288 0.8826883376
160.71 0.7137703301
165.297 0.5262985828
169.337 0.9359296092
171.243 1.684854918
173.25 1.622783108
174.79 1.505075497
