0.533 1.30045363
1.777 1.285647967
2.216 1.30708275
3.421 1.285918942
4.704 1.283204037
6.324 1.28341453
8.245 1.143142926
11.972 1.081019263
14.457 1.299565473
17.252 1.240183321
20.221 1.203372357
22.114 1.903240401
26.899 1.752329763
32.127 1.655309956
35.267 2.437705934
38.467 2.536907793
41.542 2.804359283
44.254 2.895185759
46.91 3.174604533
50.684 2.183526027
55.897 1.551265461
59.75 2.164047178
65.23 1.525424095
71.031 1.331799142
75.931 1.688972382
80.03 1.949395107
84.313 2.120091896
87.424 2.432943996
90.301 2.842826563
93.502 2.771029584
96.83 2.441098134
100.288 2.365084459
103.594 2.558074691
106.765 2.782449463
110.175 2.550254708
114.61 1.812027674
118.763 1.764059106
122.659 2.076917118
126.005 2.556279282
129.683 2.234830031
135.243 1.445419499
140.937 1.445364121
147.515 1.214467937
154.558 1.189034901
161.802 1.100998454
166.125 1.990996794
169.483 2.230811076
172.927 2.570842844
175.065 2.591207184
