0.51 1.368898557
1.04 1.381152682
2.083 1.34942861
3.172 1.346805256
4.347 1.348777459
5.769 1.430442802
6.715 1.449397152
9.656 1.389936325
14.848 1.489794033
20.202 1.526421885
25.866 1.456447251
31.352 1.439157755
36.806 1.522776837
39.439 1.52682969
41.557 1.495926987
44.158 1.459357528
46.672 1.460512128
48.955 1.468811901
51.508 1.471336389
53.955 1.469651094
59.267 1.444088194
64.727 1.495603269
70.642 1.418335448
76.678 1.27528368
83.251 1.244696402
88.599 1.481968234
94.675 1.495342547
99.68 1.478300312
105.221 1.49276454
110.535 1.541524501
112.781 1.500623191
115.235 1.46582578
117.566 1.461216105
120.25 1.459287746
123.045 1.399035212
125.615 1.4027698
127.642 1.407100515
130.07 1.483098594
135.675 1.427819243
141.03 1.502222971
146.329 1.504189912
151.741 1.526265419
157.006 1.521069016
159.524 1.505124165
161.988 1.503845263
164.55 1.500177932
169.696 1.491159489
175.506 1.408272661
179.208 1.483367005
