0.737 0.9471090859
1.424 0.9581175064
2.066 0.9580459198
2.725 0.9540469733
3.459 0.9528947546
4.969 0.8234511662
8.235 1.05091977
10.718 1.638819813
12.499 1.877064686
17.498 1.65273783
22.014 1.85047807
26.32 1.857573217
30.308 2.108911108
34.788 1.933653143
39.621 1.585078657
44.519 1.666628017
48.91 1.978819503
54.81 1.366754954
59.941 1.643517906
63.529 2.282297191
67.862 1.784393078
71.931 2.015359844
76.088 2.025796107
80.161 1.923410397
84.444 1.921590123
88.208 2.11641085
92.969 1.99434786
97.04 1.81972864
102.6 1.448379166
108.348 1.428289734
113.435 1.566428057
115.717 1.610812178
117.5 1.94684795
118.889 1.950426126
124.042 1.706252703
128.055 2.123763993
131.74 1.968277635
136.349 1.76059582
141.261 1.637896651
146.465 1.549759827
151.344 1.623777682
155.452 2.009853349
160.541 1.570086955
164.021 1.733415354
167.117 1.191423168
170.055 1.289422261
171.866 1.763712283
173.703 1.760737824
177.412 1.480895414
