0.779 0.8897840623
1.468 0.897213913
2.104 0.8984782978
3.001 0.7440829676
4.028 0.6747467852
8.886 0.6272956839
16.019 0.4819974044
28.861 0.3108952782
30.132 0.4750748168
31.335 0.4773263454
32.278 0.6318502972
33.422 0.6375584352
35.596 0.6982944933
38.077 0.6881809853
40.671 0.4957458024
47.398 0.5155958353
53.687 0.5850603416
60.341 0.5060745153
67.645 0.5099135272
75.437 0.4461815683
77.008 0.4564052605
78.428 0.4571691824
79.886 0.45708462
82.598 0.4825718066
85.279 0.5285088012
88.489 0.4486501533
92.911 0.3722105342
93.819 0.5293950987
95.02 0.5310006202
102.039 0.5258111401
107.817 0.5713769272
116.325 0.4230493374
122.124 0.5813384926
129.204 0.5529160607
130.797 0.4609794027
132.229 0.4628980017
135.166 0.4242434637
138.444 0.4219939912
141.759 0.4388037432
143.102 0.4445528735
146.042 0.4611403678
153.625 0.5097818836
159.638 0.5584545866
167.191 0.4854393496
174.665 0.4879114984
175.719 0.606295193
176.673 0.6081780732
178.947 0.5291520621
180.983 0.492529235
