0.473 1.470078016
0.906 1.480058757
1.923 1.446671248
2.997 1.448295672
4.797 1.444653211
6.98 1.44293196
9.355 1.440016187
12.145 1.442808811
14.402 1.447849986
16.866 1.44345753
22.508 1.445251821
28.06 1.436778108
33.936 1.411373277
39.929 1.432081186
45.212 1.434220373
47.695 1.444622744
50.293 1.452253982
52.687 1.44878852
55.309 1.471925867
57.742 1.474697106
60.066 1.471363721
61.668 1.476849202
64.154 1.476914206
69.753 1.372426227
78.583 0.92759619
86.377 1.022020379
90.351 1.018974624
92.961 1.108579649
95.53 1.438182432
98.456 1.278504509
101.254 1.186577505
103.815 1.421798174
106.194 1.44264675
109.088 1.389271415
112.819 1.118572116
115.913 1.172331489
118.137 1.278398252
124.285 1.316384845
129.781 1.478898299
135.273 1.463125526
140.707 1.453186252
146.453 1.44049585
151.993 1.44029692
157.814 1.449645291
163.344 1.455897569
169.451 1.429634481
174.591 1.437672885
180.529 1.379196144
184.957 1.228167753
