0.32 2.160498043
0.673 2.183784807
0.945 2.185793842
1.671 2.145137783
3.451 2.135689118
5.329 1.634478606
8.62 1.610343522
16.874 1.044334404
22.56 1.354886227
26.617 2.014145304
31.478 1.694558518
37.263 1.361013443
39.608 1.672342483
42.022 1.669660012
43.279 1.678141251
44.95 2.095099612
48.826 2.230706952
52.877 1.930610262
57.379 1.848773723
61.807 1.824488202
65.602 2.055605356
69.018 2.445092266
72.487 2.444740332
76.795 1.816350048
81.631 1.796795006
85.883 1.877870539
90.268 2.0922156
93.808 2.095807471
98.138 1.877072007
102.617 1.825774766
106.965 1.846015968
110.558 2.250494451
114.249 2.238403177
118.421 2.169884696
122.567 2.115887934
126.812 1.896939532
130.691 1.888130952
135.187 1.824953904
139.657 1.825913773
143.535 2.087009901
147.362 2.089197177
151.296 2.091592558
155.373 2.093032915
159.191 2.182517262
162.888 2.207840196
166.952 2.118715401
170.565 2.051392637
174.224 2.217396401
176.473 2.463142903
