0.571 1.220642396
1.86 1.202299638
2.343 1.229831996
3.611 1.197160228
5.62 1.278810978
7.629 1.559212192
9.811 1.604667871
12.347 1.621973392
14.316 1.667844017
16.357 1.747733924
21.594 1.561966516
25.652 1.984365197
29.918 1.952584127
34.649 1.825231789
38.854 1.799609206
44.589 1.410585094
50.717 1.418055135
55.285 1.712645097
60.424 1.713404064
65.121 1.740945014
69.569 1.741390721
74.368 1.701492327
79.301 1.690511931
84.079 1.628800621
89.28 1.573325143
94.442 1.526753782
97.292 1.442049072
99.364 1.444788231
101.92 1.443345432
104.524 1.443784527
107.766 1.029746183
111.264 1.030246674
114.513 1.029752857
118.363 1.029970677
121.483 1.328426056
123.246 2.021377553
124.651 2.021985602
126.434 2.025066178
130.967 1.78045024
136.107 1.566793498
141.165 1.584733522
145.908 1.730374167
150.53 1.747360444
154.979 1.889716182
159.188 1.891830518
164.662 1.562201074
169.638 1.540602369
174.191 1.788462291
177.188 1.854853699
