0.874 0.7927736077
1.644 0.8015276647
2.379 0.8003368222
3.151 0.8007651882
3.987 0.7947017692
5.646 0.7811115545
9.176 0.6074608337
16.828 0.5208819873
20.562 0.8751005019
24.045 0.9936692436
26.231 1.649738885
28.71 1.42128698
30.74 1.822957178
33.373 1.503605682
35.07 1.847750202
39.3 1.912223787
43.667 2.000197074
47.495 2.023418256
51.99 1.886779579
56.088 2.016153462
59.754 2.13845529
63.343 2.290155727
67.415 2.061167952
71.755 1.874566395
76.494 1.736940207
80.391 2.069429214
85.37 1.832732669
88.852 2.132362253
92.905 1.986493518
97.691 1.718949593
102.074 1.844283433
106.21 1.949074238
109.971 2.350065157
114.128 2.064049505
118.568 1.969295101
122.155 2.250207052
125.651 2.073435325
129.401 2.163549089
133.376 2.050968261
137.492 1.954655453
141.626 1.952413792
146.038 1.963236794
150.057 1.999702844
154.65 1.817322828
159.634 1.605538879
165.909 1.349299781
170.387 1.667371936
175.633 1.565603123
185.0 0.574335421
