2.664 0.2603911773
4.986 0.2637661686
7.074 0.2627368356
9.375 0.2635152533
11.82 0.2618203503
13.778 0.2628711462
16.057 0.2625246667
18.675 0.2598060423
20.912 0.2630634837
23.043 0.2639906931
24.532 0.3937276106
31.712 0.4842500411
43.771 0.2959624595
46.656 0.2431987598
48.822 0.2566209588
50.64 0.3075169137
52.496 0.3087351603
54.497 0.3079926535
59.725 0.3000546361
64.232 0.2992725901
75.776 0.2910191143
78.024 0.2958695717
80.268 0.2913286589
82.133 0.2929202219
86.584 0.1270654918
91.395 0.1250481132
96.887 0.1307202187
98.442 0.3083203371
102.428 0.3851390059
104.405 0.3035791643
113.361 0.2421431144
119.825 0.2354613033
122.227 0.2391361937
124.946 0.2379468856
128.381 0.20398691
132.038 0.1707791938
135.998 0.132166034
141.517 0.08835038846
149.145 0.0741636808
157.049 0.07414137625
163.163 0.09686536546
167.272 0.1531936921
172.15 0.1149702458
178.722 0.1016881071
183.999 0.1254339502
187.499 0.1830817588
189.303 0.3235153444
190.362 0.4803539159
191.935 0.280271799
