0.489 1.42665799
1.017 1.428896232
2.042 1.409176529
3.125 1.41093884
4.3 1.410933102
6.386 1.514052082
9.241 1.233320345
16.119 0.5814621594
19.096 1.1111171
21.41 1.546561639
23.748 1.566217158
25.929 1.61424316
28.374 1.49235308
31.551 1.308637124
33.432 1.680142295
37.403 2.057692366
41.635 2.064187867
45.378 2.088511865
49.315 2.115319077
53.198 2.116695152
56.966 2.074716809
60.952 2.053703829
65.023 2.059113461
68.879 2.125591641
72.735 2.12544839
76.64 2.044040759
81.233 1.969660972
85.034 1.969743864
89.174 1.953263122
93.343 1.947699236
97.259 2.042176147
101.18 2.064940631
105.402 2.036488247
109.768 1.99717023
114.117 1.993071128
118.235 1.981792692
122.425 1.73533688
127.447 1.619262768
131.835 1.837325734
135.805 2.048976609
139.772 2.031299198
144.209 1.931044936
148.429 1.916665159
152.933 1.866639594
157.122 1.923130877
161.386 2.001967787
165.131 2.014012208
169.158 2.030366765
171.833 2.03383081
