0.474 1.470078016
0.91 1.472526651
1.924 1.448276876
3.002 1.449772019
4.38 1.212084256
6.068 1.178677899
8.952 1.189755515
12.403 1.165329184
15.176 1.195267264
18.104 1.177465356
21.223 1.165654117
24.333 1.131093815
28.004 0.9846109222
32.042 0.9834808591
35.462 0.9702155031
39.226 0.9278217409
43.196 0.9286624121
47.29 0.8311163205
51.896 0.8217237672
55.71 0.9332005046
58.978 1.050508022
62.141 1.139917846
65.453 1.114427989
68.611 1.120090963
71.828 1.075041979
75.058 1.073855996
78.71 1.116723445
85.379 1.119555273
92.488 1.124011125
99.83 1.117412679
107.124 1.091258641
110.436 1.105646228
113.658 1.117108885
117.175 1.116573025
120.743 1.116935341
123.941 1.12536308
126.412 1.136413534
129.628 1.125109278
133.043 1.016515716
136.684 0.9742245152
139.528 1.139183941
143.156 1.139467635
146.368 1.049190778
151.955 0.65583524
156.311 0.8403111814
159.602 1.149805875
162.436 1.140651133
165.287 1.140238764
167.277 1.140559005
