1.914 0.3629822262
3.642 0.367663897
5.206 0.3607620904
6.999 0.3542600894
8.886 0.3520248138
10.287 0.3553333875
12.16 0.3362049388
14.228 0.3289202642
25.398 0.2879142603
27.805 0.2333882537
30.807 0.1900558351
34.273 0.1877839426
37.077 0.2252047759
38.041 0.7365601207
43.021 0.6248576641
47.375 0.8091112779
50.729 1.152493865
53.394 1.278938313
55.142 2.252560983
57.11 1.80939666
60.672 0.9598998051
70.724 0.3556680607
94.095 0.155410973
96.616 0.2245721701
98.636 0.295226259
100.714 0.297297669
103.055 0.3118008536
104.966 0.5700916172
107.912 0.5176685908
115.374 0.205341025
118.965 0.3792898335
121.348 0.2785544764
122.167 0.7881985295
122.561 1.741989377
126.099 1.09514148
129.777 0.9898880208
131.874 1.323966158
133.71 1.939563383
135.581 1.909556359
140.099 1.782275702
144.988 1.643857934
148.15 2.673852283
151.155 2.682810035
154.676 2.381500371
160.776 1.304086438
168.29 1.119235674
175.617 1.014287016
184.435 0.9410528279
185.853 1.671051565
