0.346 2.012606808
0.695 2.03053675
1.466 1.992209871
2.224 1.989127763
4.182 1.983711241
5.799 1.872818666
7.762 1.819663891
12.528 1.806709593
16.759 1.844096232
21.131 1.867746779
25.696 1.803421523
30.04 1.848790365
34.57 1.843109798
39.347 1.787077662
43.412 1.86484504
48.173 1.791159059
52.956 1.795286497
57.185 1.835328586
61.961 1.776795224
66.503 1.786300295
70.847 1.791555931
75.36 1.818849808
79.893 1.843234959
84.124 1.848587722
88.889 1.81362118
93.334 1.811408778
98.342 1.807820296
102.464 1.809851011
106.904 1.807424218
109.009 1.82121139
110.889 1.826222152
112.905 1.875451685
114.781 1.858904508
116.894 1.852361887
119.07 1.85450343
121.008 1.851863296
125.039 1.817488231
129.551 1.79987004
134.015 1.801054498
138.579 1.787063548
142.881 1.83716238
147.333 1.837593191
151.669 1.853211346
156.237 1.824553555
160.948 1.777793051
165.65 1.801296302
169.695 1.831931748
174.105 1.865895714
177.117 1.836330711
