0.329 2.113237148
0.682 2.127584463
0.955 2.123342589
1.693 2.08537588
3.595 2.077062358
5.146 2.076414285
9.025 2.104161684
12.542 2.478509087
15.411 2.726684372
27.396 0.6784952982
29.703 1.603576467
32.093 1.491481661
35.509 1.135747587
39.793 0.9216459402
41.691 1.74539054
43.1 2.651635725
50.545 1.160490413
52.616 3.809379174
54.875 3.801344222
57.016 3.803828651
59.151 3.706516546
62.887 2.198126661
66.338 2.482193548
70.02 2.106161025
72.903 3.126091849
76.853 2.035539419
82.48 1.602364006
85.103 2.825626406
88.142 2.705286061
91.134 2.751141812
94.606 2.310504407
101.858 1.121141637
104.091 3.729989
106.682 3.725776614
109.11 3.724146354
111.346 3.724770571
113.326 3.717288527
122.265 0.9015601848
127.558 1.512432769
133.612 1.33380332
138.855 1.52258711
143.913 1.629403868
152.403 0.9621878732
154.622 3.945640672
160.263 1.422362408
162.449 3.899306366
166.646 1.762017444
174.11 1.086016527
178.031 1.394900441
