1.246 0.5588726342
2.357 0.5668001703
3.357 0.5648414055
4.77 0.437001108
7.177 0.2667603569
9.049 0.2690439509
11.365 0.2657053011
13.911 0.2672137353
25.789 0.2718052711
28.089 0.2472153648
30.445 0.2464245671
32.787 0.2844347377
34.902 0.2958528847
37.353 0.2934605483
39.323 0.283427936
44.554 0.2700074326
53.219 0.2701086492
64.713 0.2903450334
67.15 0.2731662574
69.214 0.2732157742
71.695 0.2731629062
74.093 0.2656132263
80.097 0.2580272854
85.862 0.2365110574
87.972 0.2772338003
89.741 0.3428714434
91.858 0.340860379
93.643 0.2475793845
100.451 0.22449993
102.701 0.2836927093
107.357 0.298152872
119.654 0.2915760545
121.626 0.289290163
123.971 0.2783673502
126.658 0.2599521417
129.214 0.2459983177
133.572 0.2867335775
140.218 0.2058302495
142.389 0.2935307607
144.049 0.3531100356
145.865 0.3229982433
147.867 0.317537558
153.668 0.2430299058
159.616 0.2796794363
165.191 0.2825764567
167.52 0.2803116193
179.348 0.2648970356
181.276 0.2697394617
182.876 0.2804600272
