0.659 1.059930858
1.258 1.071672174
1.809 1.068211364
3.277 1.049613543
4.784 1.044244485
7.415 1.148671742
10.167 1.270538613
14.013 1.03915682
16.124 1.576659702
18.061 1.83947104
22.418 1.875374319
27.178 1.67495893
32.331 1.606102519
38.478 1.394792321
43.227 1.582053056
48.157 1.652183449
52.831 1.844669513
56.513 2.127370597
60.465 2.253839289
64.166 2.193676408
69.723 1.375496623
76.647 1.185488431
78.615 1.892126555
80.6 1.724084871
82.753 1.633327838
87.917 1.535435323
92.746 1.883082468
96.224 2.276637538
99.881 2.225964281
104.885 1.652944752
109.768 1.653415227
114.71 1.6321257
120.008 1.568217427
123.118 1.282404383
126.563 1.140636001
129.699 1.141460601
131.336 1.782697365
132.823 2.465546674
136.19 2.41989243
139.939 2.198516351
144.764 1.65182102
149.836 1.618692647
153.941 1.959490349
156.806 2.957463377
158.789 4.19982354
161.032 3.928638243
165.982 1.558707739
171.474 1.46864932
175.147 1.469469381
