0.568 1.227288362
1.087 1.236544816
1.536 1.23274629
2.083 1.235368517
3.38 1.214970171
4.389 1.216577236
5.594 1.213417598
8.753 1.301861152
11.204 1.326741664
18.266 1.161460499
23.863 1.456972191
34.774 0.7205734122
39.304 0.7850988115
45.368 0.6513338347
50.358 0.6196631863
54.032 1.002589274
55.53 0.950541521
59.207 0.9187242316
63.53 0.8728740706
67.987 0.7880835454
72.623 0.7215956977
80.196 0.4769293861
82.07 0.3578350253
83.571 0.3636537982
85.197 0.3598374112
86.962 0.3592191408
91.357 0.3695183908
96.592 0.5491095458
102.389 0.6394180948
110.74 0.4434544044
112.308 0.4553272531
113.552 0.5344891094
114.613 0.5534506738
115.842 0.5511824957
118.604 0.6006064947
124.99 0.578249804
129.281 0.6533693234
135.62 0.5552185258
141.499 0.5877090517
146.272 0.7479299271
149.829 0.9102430408
153.146 1.180389693
155.88 1.236982148
158.345 1.488428047
161.474 1.243332508
163.995 1.47177005
166.299 1.412259561
168.884 1.275607467
170.656 1.277975752
