0.175 3.977858161
0.582 3.945845089
1.442 3.914868014
2.387 3.922552582
4.624 3.918011446
6.549 3.914451637
8.81 3.632988982
12.066 2.694917979
15.596 2.19260768
19.998 1.880807945
24.103 2.025235142
28.055 2.032324127
32.192 2.111620398
35.86 2.384112622
39.519 2.066310293
43.534 2.03986777
48.071 1.909605189
52.029 1.955247963
56.321 1.961139837
60.479 1.973013926
64.288 2.008268759
68.708 1.97119564
73.033 1.956718523
76.847 2.034584238
80.741 2.122675102
84.969 1.882837256
89.015 2.226017047
92.672 2.058749972
96.815 1.934230107
101.198 1.876857296
105.492 1.97000902
108.879 2.439467268
112.992 1.99657667
117.203 2.07816956
121.705 1.953608864
125.642 2.080546254
128.991 2.177107092
133.046 2.030458372
137.078 2.000314307
141.303 1.995703217
145.381 1.97304307
149.558 1.959922115
153.637 1.961438152
157.971 1.937169745
161.989 1.987944644
166.231 2.027715007
169.84 2.068259773
173.834 2.04278491
176.619 2.117833354
