0.388 1.793729144
0.832 1.802813003
1.199 1.806315745
2.115 1.773349564
4.311 1.764662689
6.101 1.762066528
8.034 1.846599705
12.52 1.932101549
16.656 1.890609045
20.964 1.897170488
25.385 1.8492083
29.911 1.777359828
34.434 1.85811137
38.947 1.907505027
42.902 1.916593052
47.391 1.911767191
51.929 1.926886683
56.032 1.904689587
60.406 1.922346054
64.799 1.870430083
69.386 1.695851446
73.917 1.838260784
79.058 1.636929937
83.729 1.647149328
88.39 1.85413517
92.615 1.906212304
97.572 1.831979079
101.655 1.814327516
105.895 1.897709032
110.286 1.883885079
114.52 1.913421614
118.774 1.918649208
123.06 1.918556018
127.736 1.918346416
132.311 1.90674308
136.605 1.900556195
140.455 1.907804237
144.675 1.917384358
148.909 1.935913944
153.151 1.928215669
155.771 1.947037782
157.778 1.936342665
159.513 1.934599428
161.51 1.904749667
163.535 1.853049852
165.658 1.784530173
169.961 1.716412287
174.568 1.759799778
177.405 1.907944324
