0.399 1.738395597
0.841 1.748347353
1.675 1.719232497
2.539 1.715592702
4.659 1.814760797
6.287 1.890643717
10.474 1.975694895
14.896 1.941790684
18.834 1.998333241
23.032 1.956989106
27.158 1.997218056
31.143 1.988401536
35.464 1.932383397
39.756 1.993311306
43.798 1.965063266
48.034 1.941435741
53.007 1.73919525
57.635 1.693712474
62.61 1.686812537
67.188 1.793488626
71.173 1.964588133
75.299 1.980357264
79.61 1.968371206
83.719 1.991941656
87.859 2.008417528
91.812 2.007362252
96.517 1.934595362
100.333 1.970802297
104.366 2.007589024
108.414 2.010449786
112.486 1.976945672
117.002 1.819875923
122.394 1.600869371
127.267 1.788090815
130.491 1.749831624
132.467 1.891774143
134.105 1.698923993
136.984 1.258095168
138.803 1.886113145
140.748 1.884278553
144.949 1.894864992
149.416 1.928753166
153.648 1.908785278
157.815 2.012257505
161.847 2.008147333
166.07 2.008705179
169.734 2.01234544
173.79 2.014042208
176.555 2.016145325
