0.475 1.460552672
0.906 1.468789274
1.368 1.469545013
2.407 1.442420234
3.57 1.445573575
5.691 1.435286367
8.153 1.439400796
11.079 1.376357044
13.66 1.246459458
16.533 1.20715287
19.655 1.150690157
22.703 1.14245398
25.773 1.191459157
28.802 1.380324013
31.014 1.453938551
37.506 1.25277437
44.988 1.15560911
51.637 1.174948086
58.219 1.269451513
62.858 1.09584055
65.638 1.218836393
68.683 1.196338022
71.955 1.180950093
74.434 1.344201764
77.167 1.259010716
80.075 1.178649918
83.809 1.085543582
86.107 1.289541211
89.104 1.252064705
92.154 1.235003164
94.943 1.190490732
98.173 1.196572309
105.013 1.199062228
112.918 1.090645981
123.248 0.8391980982
127.377 0.8658773884
130.452 0.8954698455
134.244 0.9390032518
138.0 0.9192044482
142.191 0.8506806838
146.171 0.872202291
150.52 0.8881105771
154.094 0.9497428478
158.111 0.9310804076
162.054 0.9311200639
166.032 0.9344930327
169.513 0.9120495632
172.725 1.014239442
174.62 1.233395203
