0.87 0.8002791566
1.645 0.8048720082
2.373 0.8077933764
3.14 0.8097373471
5.162 0.7931929615
9.13 0.764405977
13.347 0.8175237529
20.144 0.5867379577
27.306 0.4501545792
30.992 0.9519301267
34.58 1.010345866
38.521 0.8736584842
41.963 1.055741387
44.292 1.843732648
47.857 0.8915340825
51.033 1.101658089
54.383 1.102662024
57.993 0.9475251926
62.958 0.7612778622
68.927 0.582676659
74.503 0.607186713
79.325 0.7561446959
84.583 0.7250738691
86.626 1.61451046
89.206 1.343046011
91.252 1.740578572
92.763 2.756070387
93.816 2.800622271
95.202 2.796342348
98.197 2.788306527
105.439 1.102276818
113.992 0.9431301265
117.603 0.9473726283
121.57 1.000015675
125.445 0.9985787699
130.182 0.7531387409
134.896 0.5819881288
138.639 0.9695123827
141.853 1.078810966
144.962 1.137502367
148.065 1.118435232
152.565 0.8583202854
156.762 0.7966547667
161.379 0.7964022568
165.886 0.7998029069
170.057 0.906660031
173.239 0.9913454989
176.178 1.102696753
178.603 0.9331846402
