1.548 0.449326171
2.927 0.4524651868
4.209 0.4519712723
5.674 0.4360124177
7.243 0.4088411926
8.584 0.3840970878
10.155 0.3808975125
11.894 0.3955090149
19.781 0.4117652284
34.674 0.2296077327
37.555 0.1914350501
41.826 0.1479408391
46.097 0.1479264424
49.478 0.2148398939
51.328 0.2966631813
53.243 0.2916529459
58.234 0.2778233549
61.697 0.171536631
65.533 0.1706436648
68.309 0.2033480229
71.122 0.2383099389
73.63 0.2505357363
75.927 0.2847972364
77.869 0.2892794056
79.819 0.2979658039
88.615 0.3901088348
99.309 0.3790053258
100.544 0.3789711935
102.186 0.3751521125
103.904 0.3786445041
105.621 0.3768023472
109.752 0.3725437283
121.411 0.2849086874
123.777 0.2783673502
126.021 0.3114085881
127.845 0.3553309033
129.348 0.3560312655
133.801 0.3098122207
138.326 0.3232813243
142.884 0.3416864395
148.441 0.3862765768
160.37 0.3225599583
161.877 0.3806414481
163.466 0.4270087535
164.521 0.6269166048
166.99 0.6227944772
169.055 0.6400212698
176.511 0.4272220422
184.332 0.2905323772
