0.786 0.8828144744
1.568 0.8916840892
2.208 0.8923137812
2.97 0.8922105954
3.708 0.8849299177
7.261 0.8684507427
11.887 0.737830857
18.69 0.5918438544
22.516 0.8601516593
25.355 1.242449738
28.744 1.049158673
32.596 0.9173414084
36.142 1.028908346
40.27 0.9977342049
43.735 0.8959773776
47.655 0.8954024155
51.42 0.9720953933
54.683 1.041259512
58.245 1.041657772
61.034 1.264646396
63.705 1.282464743
66.602 1.273521121
70.256 1.074840846
73.341 1.074917047
75.752 1.430473417
77.755 1.733415697
83.571 1.547810707
89.016 1.35688608
95.817 1.184369718
102.722 1.18275653
109.484 1.178814636
116.315 0.8334612364
120.371 0.8345044065
123.661 0.7712390437
126.594 0.8964730459
129.713 1.172331489
133.032 0.844698658
137.283 0.8392341563
141.483 0.8122842481
145.619 0.8454860045
149.642 0.8558382705
153.683 0.9632791076
156.493 1.188805418
158.944 1.55486432
161.337 1.53292693
164.342 1.248439257
167.286 1.077414198
170.745 0.9181100113
172.598 1.249305517
