0.805 0.8614469903
5.909 1.069443123
8.382 2.039954557
11.216 2.013857382
12.067 2.027632339
14.913 1.624622671
18.544 1.46258048
21.628 1.310946922
23.47 1.80138519
25.419 1.782560295
27.495 1.761106649
29.164 2.200199896
32.415 2.561853675
37.38 1.736835585
41.553 1.800043475
45.661 1.976420883
51.884 1.379245205
56.686 1.640749951
61.458 1.777177495
65.567 1.978366122
69.02 2.356285519
72.6 2.318356384
76.167 2.389595813
78.964 2.76079931
82.583 2.275270207
86.148 2.276372136
89.994 2.352982899
93.102 2.449190701
96.176 2.673405586
99.243 2.831460057
102.115 2.79826842
105.411 2.491969838
108.823 2.459271565
112.079 2.681572512
115.2 2.772660642
118.804 2.281102343
123.195 1.667657931
127.687 1.826623196
131.611 2.199292649
134.648 2.713396625
137.546 2.761565564
141.002 2.393471897
144.104 2.632697506
146.917 3.043613674
150.039 2.604305734
153.862 2.22535647
157.327 2.134216565
161.967 1.836400455
164.502 2.140788593
