0.29 2.389526104
0.65 2.421351355
1.261 2.368234964
1.908 2.366433195
3.039 2.357730143
4.374 2.355458101
5.878 2.291291063
9.761 2.212632658
13.269 2.209717624
16.925 2.230145408
20.659 2.213783869
24.291 2.182635569
28.166 2.186915005
32.073 2.190372621
35.462 2.224688386
39.342 2.198374793
43.267 2.207006774
46.756 2.222414134
50.492 2.242824055
54.207 2.229028793
57.723 2.221739201
61.464 2.214965935
65.286 2.188353369
68.889 2.184839454
72.896 2.201377805
76.542 2.215196647
80.589 2.238318573
83.986 2.237744402
87.641 2.248022251
91.336 2.217587037
94.954 2.217302113
98.6 2.224180207
102.357 2.233495743
106.424 2.224940625
110.382 2.215838241
114.155 2.187255566
117.458 2.197203465
121.122 2.210856141
124.846 2.18176118
128.887 2.007244876
132.917 2.00686955
136.768 2.162277033
140.599 2.194280546
144.435 2.215319454
148.109 2.195574417
151.993 2.209469472
155.39 2.222654546
159.091 2.237824676
161.619 2.214578233
