0.535 1.30045363
1.056 1.309282746
1.51 1.30708275
2.726 1.285918942
5.429 1.419431971
7.069 1.911260102
9.892 1.21071095
12.244 1.766520058
16.742 1.726653789
21.586 1.690481057
26.846 1.575051371
31.003 1.909739498
35.285 1.968485411
39.108 2.286841342
42.469 2.287451751
46.12 2.215407027
50.3 2.182685582
53.975 2.148250566
57.966 2.086466531
61.823 2.103375623
65.078 2.391941794
68.491 2.392346482
72.067 2.390287047
75.287 2.390956383
78.825 2.379084817
82.599 2.238627829
86.684 2.24113336
89.939 2.34280618
93.35 2.375116539
96.801 2.372484805
100.244 2.355509737
103.702 2.353934974
107.399 2.268938187
111.303 2.241947288
115.784 2.052153322
120.019 1.94126918
123.817 1.925292872
128.93 1.591516883
134.003 1.590630696
138.582 1.786663579
142.859 1.890297952
147.051 1.962762582
150.851 2.109253641
155.102 2.063054308
159.886 1.69143332
164.953 1.691198855
169.276 1.711579591
173.962 1.724217679
177.1 1.726912042
