1.364 0.5095975037
2.564 0.5153187657
3.903 0.4122178561
5.622 0.3713246409
7.205 0.419273692
17.672 0.2891464821
19.483 0.3277032047
21.81 0.2898508469
23.919 0.2895600639
25.823 0.296007871
27.716 0.3032155162
32.622 0.3192703882
34.365 0.3720713628
39.796 0.302593437
51.184 0.2729218463
52.816 0.3323487058
54.577 0.3319670971
56.277 0.3468969887
58.086 0.358909225
59.627 0.3586775187
68.108 0.2689239556
74.953 0.224184668
80.999 0.2526626207
83.501 0.2245721701
86.172 0.2210908679
88.822 0.2269501825
91.897 0.2327512392
96.409 0.2404576374
105.052 0.2789494839
106.978 0.3084783272
111.694 0.2881585608
123.093 0.316843377
125.395 0.2559477769
127.967 0.2560885816
130.513 0.2763202965
132.117 0.4060231619
133.447 0.4093168813
134.991 0.3221210741
141.036 0.2480161446
143.159 0.2855239797
145.142 0.3218649161
158.074 0.2978174276
159.484 0.4055031644
161.129 0.4072046627
162.795 0.4060616702
164.502 0.3866116101
168.649 0.3104111225
180.77 0.2624155396
189.815 0.2505073927
