1.067 0.6533680071
2.007 0.6576170158
2.92 0.6568420889
3.911 0.657738869
6.41 0.6462061696
8.359 0.6482200373
13.666 0.6440148876
18.671 0.798833392
22.345 0.8748591615
27.836 0.6288091902
33.545 0.6228036162
38.169 0.7523170281
42.577 0.8083436467
46.321 0.6943994501
49.747 0.9757914543
53.476 0.9377029665
57.367 0.9344544854
60.357 1.121356397
63.704 1.118735372
66.59 1.240449191
69.111 1.383008268
73.254 0.8794861204
78.523 0.6939134388
82.01 1.016450161
85.443 1.00576797
89.387 0.8723168819
94.637 0.7824482752
98.569 0.7336697782
102.729 0.8823377221
106.622 0.9541730548
109.856 1.034994969
113.841 0.9049783429
118.055 0.8336591247
122.759 0.8303278057
127.446 0.8259182122
131.98 0.7886641532
135.717 0.7350183497
141.249 0.6440166187
146.428 0.6642914222
151.645 0.6768517213
154.243 1.271657741
158.621 0.9269775608
161.51 0.5000199832
164.903 0.4999237761
168.007 0.5013822806
169.307 0.5097447598
171.868 0.5086331776
178.192 0.503873116
182.348 0.5563216124
