2.111 0.329228767
4.01 0.3314450022
5.729 0.3324082648
7.61 0.3328454035
9.612 0.3287976492
11.186 0.330577578
12.862 0.3583931968
14.932 0.3285859956
24.821 0.3258926772
34.081 0.3722043668
35.688 0.3489384909
37.557 0.3823671721
39.115 0.4112233013
40.845 0.4195712607
43.033 0.6001633003
45.448 0.5896915574
51.932 0.5790307342
57.737 0.577787635
64.133 0.5843688505
70.226 0.5734386278
76.129 0.5723945161
82.518 0.5655139147
83.694 0.5752366822
84.739 0.5733757536
87.247 0.5575646787
89.878 0.5558247471
92.768 0.5594333532
94.663 0.5660306906
101.228 0.5578888372
107.905 0.5527984009
113.745 0.5691747036
120.24 0.5544635389
126.459 0.5376645245
127.765 0.4991414554
129.177 0.5022870449
130.427 0.5028097482
132.495 0.6108671869
134.772 0.6296324204
140.786 0.568530657
147.03 0.5604630347
152.939 0.5505401013
159.836 0.5606851041
165.449 0.5981777218
166.704 0.5501632095
167.965 0.5512638468
169.109 0.5548759362
171.395 0.5719465504
173.352 0.6426665308
177.216 0.5896007772
