0.338 2.049199659
1.146 2.02960021
1.854 2.032550569
2.611 2.031751929
4.543 2.024880562
6.085 2.01873611
10.184 2.020461395
15.544 1.626935778
21.044 1.407774439
26.976 1.376435702
33.141 1.319957337
39.255 1.29519431
41.63 1.655831344
44.001 1.682044052
45.991 1.62562704
48.672 1.342928535
51.396 1.341709276
53.835 1.419450709
55.432 2.407553711
59.131 2.216710314
63.122 1.940966838
67.04 2.113208169
71.117 2.063741838
75.354 1.833873926
80.639 1.556763826
86.348 1.389657524
91.462 1.765203296
95.75 1.810744544
100.469 1.704231507
105.734 1.571927542
110.587 1.646488477
115.258 1.757038773
119.987 1.742948239
124.572 1.907590942
127.895 2.613933419
130.916 2.745175144
133.76 2.787240929
136.333 3.160990596
139.019 3.039926147
142.872 2.124218433
146.366 2.270656109
149.753 2.430702091
153.652 2.054353754
157.965 1.93990136
161.888 2.037130903
165.868 2.279381763
168.497 2.819772794
171.515 2.756495182
173.57 2.719380104
