1.122 0.6181315241
2.16 0.6236023425
3.07 0.6222714527
4.06 0.6236811929
5.116 0.6184606851
7.173 0.6142800561
13.12 0.5733102744
20.149 0.5721014198
26.063 0.5439367832
32.867 0.5056288089
36.843 0.3366267948
39.357 0.2642473769
40.535 0.5460444566
41.867 0.5437370647
42.78 0.620167317
45.558 0.499518701
49.833 0.3227909157
58.366 0.3929093732
65.687 0.5063993057
68.185 0.5598837855
70.353 0.3238436001
72.286 0.3239543213
73.978 0.4056892103
76.939 0.4701526792
79.942 0.4624223812
87.652 0.4531074512
93.869 0.6525289673
99.447 0.5118378634
106.761 0.5011727144
108.258 0.4481289847
109.779 0.4103369639
111.035 0.4930976969
113.799 0.5562687532
117.331 0.7365971008
122.621 0.7637718749
126.167 1.02038152
128.882 1.017060275
133.075 0.8408511778
138.546 0.623945866
142.182 0.9720358614
145.51 1.002868275
149.601 0.9572329168
153.212 0.943761072
157.232 0.9736183461
161.248 0.9074334686
165.18 0.9473374649
168.429 0.9620248817
171.871 0.9400415732
174.259 0.9531500796
