0.403 1.733938173
0.844 1.737846768
1.211 1.739862657
2.146 1.705307374
3.639 1.704183893
4.402 1.712350041
5.297 1.710175258
7.738 1.698079763
12.868 1.513085885
17.885 1.623147473
23.009 1.618566304
28.128 1.559709462
33.213 1.644343055
38.414 1.65920404
43.144 1.610401589
48.148 1.623045002
53.634 1.628147418
58.401 1.634448799
61.978 1.652508845
64.06 1.681862094
68.629 1.67933585
73.473 1.700777415
78.427 1.716498197
82.864 1.748675552
87.834 1.652263049
91.365 1.596638524
93.909 1.606970414
95.834 1.730200385
98.003 1.728842331
100.208 1.730064014
102.198 1.721700693
104.42 1.684969169
109.37 1.679378934
114.326 1.73166694
119.346 1.740502301
123.966 1.751533888
128.09 1.751940937
132.773 1.751331558
137.448 1.712089554
142.207 1.702092296
146.997 1.744405294
151.747 1.753525483
156.293 1.763366203
161.151 1.742512199
165.761 1.737157781
170.32 1.853640981
174.508 1.783122029
179.37 1.686135462
182.512 1.721337761
