0.844 0.8277061045
1.619 0.8326661495
2.35 0.8363648463
3.118 0.8342748425
3.962 0.8282654679
5.47 0.8228793251
10.166 0.7265310315
15.712 0.7190374206
19.508 0.8653135078
23.772 0.822288941
28.704 0.7163517823
32.936 0.8290840718
38.579 0.6359612258
45.168 0.5892167152
50.153 0.644899522
55.809 0.6166041055
61.96 0.5962163588
63.405 1.00455569
64.964 1.041902424
66.265 1.044458943
69.402 0.7269418909
74.776 0.6774306818
79.037 0.8573135318
83.43 0.7901881084
87.381 0.8646532304
92.033 0.7320791038
96.173 0.987563569
99.4 0.8868637193
104.248 0.7648418935
109.363 0.7228986856
113.546 0.787599808
117.245 0.980997524
120.55 1.081511131
123.332 0.9194557688
128.801 0.7121791488
134.051 0.6842979556
139.242 0.5317675411
143.192 0.9077519735
147.343 0.840984015
152.245 0.7181368678
155.244 0.725131992
157.205 0.7615674097
159.041 0.8084435242
161.005 0.8662334931
162.559 1.029903921
168.125 0.6632050227
171.812 0.8595337747
176.452 0.6975845842
179.304 0.7995375937
