1.892 0.3685209195
3.605 0.3740807847
5.09 0.3902617663
6.413 0.4966945583
7.781 0.4894902202
8.63 0.6014734165
9.686 0.5989533363
12.928 0.5277796647
19.08 0.5266875842
25.907 0.5024153831
33.753 0.4537049575
42.961 0.3745894664
44.734 0.3593261298
47.317 0.2722004842
49.379 0.2743236158
51.36 0.2739487735
56.274 0.2801428987
60.634 0.327037107
65.24 0.3374356319
67.191 0.2879273928
69.739 0.2676772066
72.179 0.2574584343
75.569 0.1881366502
78.422 0.1894282456
85.468 0.2001963202
88.259 0.2173862226
91.53 0.2173491334
96.405 0.219928893
99.179 0.2223177694
104.556 0.2837617403
124.907 0.1606909293
129.302 0.1415659894
132.336 0.1912064314
135.748 0.1878721547
138.329 0.2796801659
140.613 0.2801808442
145.066 0.2795518142
146.744 0.2951230826
148.724 0.2909838561
150.973 0.2898253799
153.015 0.2860649722
155.311 0.2841204389
157.439 0.2769898538
160.235 0.2429644197
173.228 0.2779213841
175.339 0.3031475965
177.171 0.3037278857
178.681 0.3148567126
180.227 0.3252375238
