0.401 1.747379554
0.846 1.748347353
1.671 1.723774723
2.534 1.723910728
4.028 1.718656792
5.85 1.71639084
7.881 1.709745108
13.216 1.60759308
18.611 1.442570373
23.869 1.565211656
28.606 1.72235592
33.806 1.535214614
38.597 1.755698908
43.327 1.83313836
47.487 1.831871355
52.176 1.829634597
56.957 1.794908144
61.316 1.780307116
65.951 1.819453964
70.329 1.8582985
74.515 1.84919312
79.013 1.83993193
80.433 1.849880019
82.381 1.740698108
84.53 1.579269706
86.754 1.573918783
89.354 1.577844867
91.2 1.579074259
93.51 1.646254321
97.824 1.912985015
102.011 1.917622833
106.215 1.946225408
110.495 1.947437507
115.239 1.837534675
119.986 1.835790707
124.477 1.826553777
128.427 1.825386314
132.922 1.892400672
137.172 1.908450871
141.331 1.938516967
145.406 1.964640832
149.663 1.95614759
153.766 1.947884285
158.018 1.962967963
162.07 1.996985322
166.421 1.986736458
170.613 1.864711712
175.012 1.865027452
177.875 1.93213927
