1.202 0.5794651991
2.327 0.5833699333
3.326 0.5825519982
4.424 0.5828149857
5.59 0.5795489547
10.139 0.6782732753
13.486 1.033189528
17.585 0.9701523093
28.411 0.2941071129
30.933 0.2240891115
33.229 0.2468858204
36.664 0.1880271073
40.39 0.1671097485
48.261 0.2135389128
50.956 0.205986772
53.759 0.195098899
56.673 0.1948186468
59.926 0.1801989826
64.939 0.1295095603
68.449 0.1588444543
70.387 0.3618018259
71.734 0.4568134087
74.421 0.2367964595
77.249 0.1949826915
80.309 0.1892764746
83.548 0.1889130024
91.203 0.2118170152
94.019 0.1615068641
97.218 0.1932870999
99.838 0.2414353458
106.394 0.2087490498
114.526 0.1892548655
116.869 0.2467435692
124.728 0.198681419
128.119 0.2107542482
130.91 0.2279892419
133.401 0.2129373597
135.983 0.1966229233
142.567 0.218177303
144.93 0.2502978269
148.749 0.1503384339
151.598 0.2301418998
154.894 0.1746863567
158.61 0.1849221405
176.877 0.197701101
180.58 0.1682344955
183.727 0.1716368321
186.618 0.1732826675
189.776 0.1427709335
