0.271 2.561499573
0.531 2.572013217
0.809 2.550092816
1.472 2.535162835
2.471 2.521767443
5.403 2.493840908
9.037 2.274092565
12.846 2.278928767
16.349 2.221273381
20.019 2.235706868
23.727 2.233970348
27.253 2.270067705
31.117 2.156501335
35.382 2.125464542
38.893 2.204308558
42.668 2.187563114
46.627 2.173772114
50.174 2.210231252
53.96 2.200991472
57.645 2.205133212
61.151 2.203671034
64.931 2.173926019
68.928 2.217124315
72.377 2.256824369
76.179 2.157583817
80.002 2.064518889
84.149 2.205084444
87.537 2.204124444
91.232 2.191557988
94.95 2.210280325
98.542 2.223574538
102.37 2.237886639
106.143 2.182068532
110.1 2.184933986
114.183 2.160623546
117.95 2.190860932
121.441 2.080079016
125.405 2.050789021
129.116 2.200512107
132.811 2.216216788
136.705 2.176150444
140.549 2.172102938
144.208 2.193670685
148.063 2.199381904
151.725 2.185859486
155.616 2.194383809
158.989 2.224688081
162.78 2.184165664
165.2 2.229391465
