1.283 0.5444733393
2.397 0.5500978839
3.491 0.5481759056
4.691 0.5485317513
9.051 0.3640576494
12.944 0.3133120645
17.481 0.2977086752
23.126 0.2928307486
25.224 0.2883684587
27.169 0.289385771
29.132 0.2887766821
31.331 0.3077984814
36.318 0.3075305087
42.368 0.2747575163
46.823 0.2888138987
52.266 0.258430563
54.289 0.2818390138
56.358 0.298316633
58.549 0.2961821914
63.089 0.2960129839
68.122 0.2970124266
73.621 0.2872109041
75.68 0.3202473126
77.304 0.3326995113
79.127 0.3304318116
84.3 0.2811207569
95.373 0.2382080388
97.399 0.2178385522
100.227 0.2179087213
102.944 0.2178991958
105.744 0.2368733202
111.93 0.2469824651
114.325 0.2390293888
121.287 0.2259244796
128.782 0.202704692
131.676 0.2156722017
134.04 0.2190348949
136.347 0.2167656852
142.845 0.2218227624
150.681 0.1933979807
153.087 0.2405546357
155.969 0.2178188169
158.723 0.2063140622
162.057 0.2039911327
165.73 0.1770516829
174.556 0.1701885222
177.2 0.2087664325
179.455 0.2173086043
181.689 0.2169376522
