2.084 0.3349360512
3.882 0.3376330069
5.507 0.3375852916
7.016 0.4314570641
8.404 0.487918823
9.414 0.5380879019
11.951 0.5465435095
17.368 0.7414735507
21.649 0.7510036268
27.599 0.5791043411
31.671 0.8868078888
34.26 1.342979158
37.16 1.238380193
39.337 1.815087085
41.093 1.818071883
43.256 1.854140531
45.045 2.073691384
46.623 2.174617224
50.275 2.317060588
53.767 2.321260019
57.041 2.347536934
60.542 2.35888709
64.103 2.365651967
67.312 2.448708953
70.733 2.447815525
73.96 2.485942904
77.695 2.551029556
80.648 2.583771099
83.583 2.762705146
86.617 2.769123131
89.82 2.526626805
93.248 2.392708985
96.687 2.414107217
100.17 2.530026178
103.605 2.529215482
107.354 2.312187241
110.5 2.309479709
114.034 2.332211164
117.458 2.372159944
120.883 2.369490315
124.397 2.316941271
128.048 2.297381139
131.842 2.116039443
136.127 1.958310862
140.435 1.959848228
144.769 1.962934823
148.525 1.964651823
152.744 1.93995353
155.596 1.914795111
