0.489 1.42665799
1.676 1.408962729
2.642 1.407656381
3.726 1.408144901
4.898 1.410933102
5.851 1.414016979
8.315 1.405172241
11.231 1.40129282
13.065 1.813744608
17.975 1.659536422
22.769 1.699545657
27.051 1.845300435
31.64 1.814222205
36.578 1.738976743
41.038 1.723914989
46.012 1.634309246
51.544 1.569056585
56.908 1.500325405
62.708 1.45172601
68.494 1.413118659
70.992 1.398757413
73.653 1.39941864
76.098 1.510367799
78.364 1.512383287
80.626 1.510698973
82.939 1.51381856
85.607 1.544377274
87.538 1.546176879
92.425 1.651073943
96.9 1.835349052
101.185 1.884069029
105.567 1.877615817
110.053 1.835591434
114.902 1.775401379
120.058 1.702530216
125.15 1.584174373
129.266 1.84901897
133.356 1.975228298
138.236 1.646390203
143.12 1.660664213
147.749 1.729022531
153.286 1.484984848
158.973 1.421106792
165.08 1.361418487
167.883 1.338506929
171.509 1.046685749
174.57 1.047110783
177.626 1.045913365
179.812 1.065795089
