0.659 1.054970183
1.267 1.065751333
1.816 1.050947342
2.466 1.064737506
3.998 1.039988054
5.252 1.043086468
6.581 1.036920492
9.56 1.343084538
17.999 0.9113866943
23.865 1.403734531
32.626 0.9285332134
37.364 0.7357718929
42.249 0.730999018
47.722 0.7153915323
51.499 0.832519432
55.254 0.9976374966
58.984 0.9811134678
63.519 0.7334249988
65.69 0.7330780904
66.528 0.7464784258
69.704 0.7295482667
74.432 0.7724182448
78.545 0.8965928371
81.268 1.227027949
83.875 1.411134529
86.209 1.469585746
89.343 1.323824883
91.739 1.213522645
94.801 1.213843341
97.921 1.208682751
100.9 1.128072642
104.196 1.118534984
107.261 1.119007438
111.003 1.102192434
114.579 1.102098775
117.546 1.20285468
119.786 1.249531195
122.717 1.203451944
136.488 0.580845018
139.741 1.112281395
142.709 1.105272616
146.566 1.018066411
148.709 1.732295021
152.463 0.9928292316
157.665 0.6939924056
159.802 1.746144008
166.048 0.5062293447
170.969 0.6526117804
173.157 1.042354579
