1.08 0.6458795486
2.026 0.6531636274
2.93 0.6510875274
3.921 0.6525422865
4.975 0.6467519717
8.125 0.6283730879
13.725 0.6146346464
18.751 0.8009419877
23.024 0.7563756127
26.642 0.9662713139
31.033 0.8118431718
34.318 1.069417123
38.5 0.8625895833
43.705 0.7589064897
47.823 0.8015155612
51.525 0.9541173279
55.296 0.9776456932
58.042 1.253632076
61.053 1.250911462
63.515 1.432879173
67.011 0.9757145709
72.472 0.6658777973
77.652 0.7034023899
82.71 0.6778453338
87.046 0.7926329922
91.063 0.8552690646
96.769 0.7097784956
100.807 0.7091341784
105.982 0.7161027109
109.722 0.6453766891
114.917 0.6392855584
120.507 0.6487993493
122.639 0.6888596027
124.79 0.7450794215
126.933 0.7429813411
128.844 0.7487710625
130.356 0.8351366086
135.904 0.6382475485
141.326 0.6385631506
146.368 0.7021135299
150.445 0.794509228
155.872 0.7139810314
161.899 0.5565688713
165.499 1.039848986
171.767 0.5821969912
174.271 0.6025555781
176.279 0.6324606693
178.182 0.6315501368
181.783 0.6276448961
