0.895 0.7763902266
1.765 0.7830892745
2.495 0.7811095111
3.369 0.7855332416
4.21 0.7794190429
5.864 0.7734635954
10.015 0.8255386917
15.369 0.7509307614
19.141 0.8562049445
22.61 1.00305178
26.547 0.9146511506
29.826 1.063418523
33.401 1.0117648
37.47 0.9767532221
40.434 1.120710977
43.86 1.026260688
47.567 0.9856855427
51.458 0.8590730364
55.428 0.9403447564
58.01 1.380491867
60.989 1.152747246
64.547 1.038014586
66.984 1.519289803
70.269 1.097779901
73.518 1.04575937
76.803 1.057345502
80.689 1.062784043
83.893 0.9183414612
88.368 0.8333641175
92.729 0.8437178755
96.845 0.8083725325
101.289 0.8140862278
104.922 0.9955004183
107.864 1.354099987
113.447 1.004744072
119.275 1.387392796
125.261 1.200354893
130.692 1.486383185
136.765 1.333094923
144.544 1.0337753
147.744 1.0224568
151.787 1.009441013
155.853 0.8390321773
160.773 0.7471301023
165.885 0.7058015364
169.92 0.91598126
172.677 1.159918889
175.872 1.001335633
178.258 0.9547842847
