0.37 1.883665424
0.717 1.8973868
1.514 1.864139236
2.379 1.856692363
3.232 1.855590807
4.923 1.84956828
6.84 1.838535951
11.994 1.676566765
17.293 1.475419332
22.193 1.686241606
27.077 1.695980426
31.655 1.719521381
36.587 1.686176978
41.495 1.769147117
45.759 1.797874225
51.088 1.573910162
56.047 1.760404949
61.197 1.505929137
63.101 1.333490997
65.273 1.670415293
67.182 1.774453626
71.982 1.695789798
76.908 1.722222243
81.646 1.640751251
86.654 1.71135935
92.109 1.451746412
94.64 1.650008353
96.74 1.533565322
99.111 1.573246521
101.274 1.761122902
103.236 1.689469167
105.404 1.69867466
110.278 1.709317526
118.035 1.129607969
130.799 0.6774648683
134.265 1.053761348
136.982 1.095548562
139.433 1.44444108
141.612 1.61255475
143.614 1.821799843
145.619 1.672672911
149.095 1.68127139
151.015 1.827359991
156.395 1.56212723
161.083 1.72955534
166.337 1.630162611
170.903 1.626115073
183.022 0.6675456352
185.833 0.8308510765
