0.502 1.382895475
1.039 1.387776916
1.491 1.387250492
2.036 1.38313987
2.557 1.381697394
4.694 1.438751568
7.99 1.060181889
13.241 0.7728525254
15.382 1.53842838
21.73 0.538211286
25.632 0.9228607966
30.262 0.7518197928
35.286 0.7106443238
40.789 0.7446870712
44.81 0.7870664009
50.893 0.5762490793
56.985 0.6043329176
62.238 0.633201056
67.717 0.682632286
69.443 0.812284695
71.05 0.9395687221
72.711 0.9384638941
74.538 0.8715755477
78.694 0.7997107885
82.994 0.8008044664
87.228 0.8210916459
91.979 0.8600881169
95.276 0.8682963754
99.392 0.889495329
103.244 0.9749326619
108.361 0.6446129381
115.273 0.5341101308
120.453 0.6424902193
129.984 0.4085572208
131.658 0.4174200223
132.538 0.7370804612
133.298 0.7350495346
135.299 0.719579909
137.384 0.720554841
142.392 0.6977262049
147.799 0.6284456972
153.882 0.641429796
157.694 0.9004527246
161.458 0.9988513554
164.886 1.06101159
168.364 1.060665872
170.981 1.206569278
173.583 1.225934279
175.437 1.227279193
