0.424 1.633420018
0.87 1.639385195
1.725 1.616973315
2.692 1.616166307
3.758 1.619960228
5.011 1.6141694
7.202 1.613121581
9.867 1.545705051
14.762 1.578695639
19.639 1.672609056
24.536 1.676288345
29.526 1.593070532
34.821 1.578948432
40.402 1.542201131
45.05 1.645572504
50.169 1.584500494
55.626 1.631265876
60.129 1.736717642
65.363 1.603945824
68.197 1.788282438
70.359 1.620945174
72.66 1.581978596
75.029 1.555385241
77.202 1.560280262
79.38 1.618292359
81.501 1.616191902
87.068 1.63380019
91.863 1.545580731
96.703 1.658315495
102.067 1.531261355
107.805 1.382401687
114.73 1.172648657
117.14 1.422696579
119.579 1.629733543
122.073 1.552081358
124.382 1.550853715
126.084 1.626564302
128.243 1.64137945
133.309 1.589356662
138.273 1.643568637
142.862 1.722945123
147.413 1.804137897
152.096 1.722572485
157.293 1.625818453
162.343 1.604886884
167.904 1.523188761
172.64 1.64481448
178.282 1.439893657
181.641 1.604303365
