1.971 0.3518396917
6.086 0.3705388995
6.902 0.6782515442
7.878 0.6793801009
10.203 0.6729065563
12.107 0.6683283859
18.661 0.5247231441
24.895 0.639844167
29.265 0.748699391
35.275 0.5722798792
38.909 0.6342930743
41.481 0.6644427832
42.399 0.688053717
50.764 0.4682104649
52.687 0.6795344901
54.936 0.6169327435
58.879 0.5974300074
61.017 0.6644115938
63.862 0.5522235396
66.502 0.5089852595
68.996 0.6609379976
74.375 0.6775598639
80.689 0.5755621537
85.653 0.6757323495
93.182 0.4480423111
97.699 0.75403001
105.611 0.514527852
106.791 0.3952749255
107.874 0.6110766495
108.855 0.6058312066
111.155 0.6015553883
114.155 0.5106506454
120.877 0.49684876
128.049 0.5416399948
134.311 0.6176675932
140.198 0.6099952762
144.495 0.6508599837
149.947 0.6576029554
150.735 0.7589451635
151.57 0.755980835
154.501 0.7342213902
158.623 0.5975397491
165.16 0.513962804
167.663 0.6711615619
170.378 0.5604575342
174.92 0.5310965075
180.191 0.5989579221
184.431 0.7665447355
188.436 0.5704255406
