0.781 0.8897840623
1.46 0.9028127518
2.099 0.9000327585
2.866 0.8949728573
3.606 0.8888111892
6.731 0.9915655568
10.025 1.049936989
14.243 0.9574367208
17.537 0.9863928232
20.735 1.090931477
22.786 1.767339079
27.1 0.8177594151
31.501 0.8228862777
35.758 0.9757643553
38.449 1.159840165
41.598 1.113807416
45.19 1.035949542
48.501 1.034718937
52.561 0.9319956781
56.701 0.8429941751
60.757 0.8434521431
64.445 0.9804425845
67.991 1.096776373
71.212 1.050266171
74.635 1.007588365
77.903 1.05900695
81.67 1.095941509
84.183 1.143644212
87.304 1.171783354
93.918 1.238818243
101.315 1.076758355
108.198 1.177835073
115.189 1.185975839
122.96 1.112615829
128.892 0.9469922811
133.809 0.7333193003
137.684 0.7222916069
141.428 0.9438264639
144.356 1.191369318
147.093 1.291574516
149.877 1.198173579
153.357 1.107687016
155.835 1.362213812
158.108 1.805099086
160.474 1.576279702
163.405 1.265742642
167.144 1.263609363
173.36 1.303820427
177.354 1.353134835
