1.134 0.6130878398
2.171 0.618272408
3.08 0.6163731451
4.079 0.612449646
5.134 0.6085554088
7.191 0.6089137863
9.506 0.6053089169
17.949 0.4749716182
24.181 0.5160630095
32.104 0.432651455
39.922 0.4557159037
41.519 0.4474697492
42.971 0.4509190649
44.514 0.4552733762
47.393 0.4569027457
50.395 0.4791373541
51.676 1.155047012
55.969 0.7751870811
65.619 0.3830997876
74.558 0.3912153316
76.719 0.3126230062
78.756 0.3129025747
80.828 0.3133355001
82.596 0.3152860517
84.071 0.4211985747
87.027 0.4909109081
90.777 0.4355764089
98.451 0.371963417
106.629 0.447830074
108.14 0.4569955103
109.542 0.4539153856
110.84 0.4939292276
111.935 0.5400472266
115.423 0.4788302737
125.299 0.3917241156
133.284 0.4582527813
140.373 0.3871887323
146.575 0.5695292154
147.574 0.7069489204
148.422 0.7044366872
150.374 0.6984772853
152.479 0.6980105395
154.705 0.6969059987
157.171 0.6969865045
162.555 0.6939924056
167.425 0.7622982606
171.803 0.7216309949
177.956 0.523391393
182.752 0.4727316927
