0.915 0.7598156038
1.782 0.7654801242
2.5 0.7639044558
3.376 0.7718991533
3.858 1.397578973
6.32 1.236884391
9.292 1.17113973
14.738 0.7406382444
17.24 1.308679587
19.738 1.400058683
22.192 1.464514746
24.259 1.74821211
26.326 1.746134491
28.904 1.670383435
33.564 1.639063977
38.878 1.5201217
45.667 1.280535129
50.582 1.572385369
55.496 1.726294879
60.272 1.720041729
64.709 1.72398077
69.739 1.642129918
75.524 1.49560585
80.109 1.68998473
85.344 1.584048878
89.93 1.733610836
95.204 1.714924218
99.645 1.692116759
104.329 1.718617877
109.193 1.681955901
113.959 1.691486118
116.09 1.706841365
118.212 1.64359455
120.653 1.642943841
122.862 1.771851466
124.887 1.772404245
126.611 1.691505111
131.586 1.638527843
136.474 1.665739175
141.27 1.676709277
145.965 1.684460095
151.288 1.539567467
156.182 1.655027705
163.287 1.183579049
166.315 1.231315487
169.381 1.233265788
171.53 1.457558453
173.471 1.689854658
174.825 1.693925275
