1.2 0.5794651991
2.324 0.5845484585
3.335 0.5819003741
4.423 0.5834030937
5.601 0.5729942068
7.091 0.3479635099
11.565 0.3106096194
18.678 0.5612747993
24.348 0.5650586604
30.457 0.5643935717
36.65 0.572330828
42.784 0.5643310798
43.891 0.5699892088
45.201 0.5760521874
47.696 0.5772288832
50.271 0.5603403939
52.696 0.5694376867
58.63 0.568417028
65.299 0.5598791471
71.459 0.5704871755
77.423 0.5633521023
78.583 0.563885908
79.716 0.5682673655
80.735 0.5689161644
83.197 0.5667708694
85.814 0.5692666999
93.045 0.5635477445
98.176 0.560347035
104.74 0.5570300182
111.266 0.5647540533
112.383 0.5619489899
113.483 0.5627282075
116.185 0.5587541131
118.946 0.5664362551
126.108 0.5541698938
132.512 0.5594539213
137.464 0.5619653248
143.747 0.5626453006
149.848 0.56210124
150.927 0.5629806824
152.007 0.5668269892
153.208 0.5616149347
155.82 0.5594403045
158.835 0.562932125
161.561 0.5666634405
164.241 0.5631728606
169.878 0.5582699043
175.555 0.5602774922
179.545 0.5705716537
