0.74 0.9418327122
1.428 0.9486933998
2.073 0.9475754725
3.653 0.9319962977
4.37 0.9425532611
6.518 0.9246961829
9.192 1.312114477
12.017 1.456661481
14.763 1.198428152
17.627 1.208870015
21.486 0.9297331642
24.444 1.207968156
27.51 1.177516974
30.312 1.433176568
32.388 1.710228783
36.991 1.787959133
41.714 1.850682125
45.954 1.848615231
50.493 1.843410175
54.866 1.884932948
59.376 1.700031228
63.885 1.809903978
68.38 1.891763352
72.785 1.862170291
77.387 1.817267871
81.795 1.827899194
86.712 1.857179291
90.981 1.760759997
95.188 1.947514003
99.702 1.833676752
104.052 1.853852828
108.337 1.890500545
112.849 1.919007762
117.363 1.912308455
122.034 1.857238716
126.625 1.76627548
130.511 1.880671915
134.783 1.913709448
139.111 1.889820755
143.562 1.835129395
147.945 1.809609184
152.889 1.734066814
157.589 1.725208115
162.605 1.687301775
167.427 1.678146052
172.165 1.797035171
176.126 1.86423517
180.407 1.911275152
183.307 1.909310557
