1.575 0.4437243355
2.946 0.4468748833
4.218 0.4461568906
5.641 0.4464497806
7.108 0.4453823102
8.183 0.5013348328
9.406 0.5359056167
10.529 0.6492542564
12.725 1.516366788
14.14 2.548232745
17.657 2.345442033
20.91 2.44081874
24.645 2.259050739
28.708 2.114314216
32.174 2.21741384
35.774 2.24459798
39.794 2.137224377
43.389 2.200075106
47.454 2.198648122
51.247 2.144993215
54.688 2.244745376
58.47 2.210731975
62.286 2.187194897
65.96 2.144174083
69.698 2.205556125
73.39 2.186741175
77.449 2.260463277
81.118 2.144205247
84.83 2.195800495
88.586 2.188051357
92.298 2.190118694
96.063 2.186440969
99.84 2.184407924
104.074 2.042734872
108.252 2.123740066
112.235 2.030227544
115.747 2.197879735
119.601 2.10649347
123.532 2.077269608
127.253 2.19247813
130.825 2.22998186
134.533 2.240374163
138.188 2.207166422
142.204 2.118655104
146.16 2.050873872
150.302 2.141520641
153.817 2.141735825
157.576 2.185356594
160.106 2.227528983
