1.214 0.5730812605
2.352 0.5729732415
3.343 0.5761007026
4.443 0.5769984689
5.611 0.5681746294
6.562 0.5714729177
12.635 0.5628672898
18.486 0.6867408234
23.34 0.6746574478
27.88 0.7621844131
32.296 0.8003197568
35.669 1.050003089
38.815 1.135381453
44.167 0.7350324057
47.734 0.9188751759
51.498 0.934385922
56.119 0.79941771
60.213 0.8271516682
63.869 1.036076414
68.598 0.7351399781
73.098 0.7575271417
79.093 0.606542152
85.747 0.5528507345
87.586 0.7307515928
88.371 0.737666693
89.2 0.7455668104
91.549 0.7127613964
95.143 0.8018841704
100.734 0.6567090741
105.361 0.8016065151
108.484 1.058601892
113.316 0.7419498515
117.216 0.8674887703
121.691 0.882461128
125.904 0.9349750266
130.383 0.8413929571
134.068 0.7440951405
137.967 0.9089336345
141.656 0.9298252424
144.542 1.22225272
147.573 1.081318181
152.055 0.8590938954
157.319 0.6362782136
164.563 0.5080400878
174.995 0.3507838494
176.16 0.583136023
177.112 0.5845460109
177.989 0.5857507193
179.672 0.5819431609
