3.409 0.2048578877
6.438 0.2057244841
8.734 0.2467831757
10.615 0.3313194647
12.625 0.3275575719
14.208 0.3255375872
16.129 0.3228785822
18.475 0.2948733422
20.475 0.2970791117
22.236 0.310577286
30.101 0.2933461348
43.038 0.2679210206
45.118 0.3094817184
47.306 0.3286469728
49.21 0.300427074
51.192 0.28518614
53.228 0.2902681306
57.701 0.3214298906
62.584 0.3203811234
73.926 0.3100563308
76.142 0.3073798531
78.202 0.3038329349
80.777 0.2565211961
82.513 0.314898246
86.92 0.3151395465
91.729 0.3152568488
96.635 0.3323029423
99.684 0.3534060932
101.278 0.3761400048
103.003 0.3773557209
109.657 0.3263085155
124.548 0.2404816121
127.408 0.1987325665
131.025 0.179231808
135.47 0.1583283161
139.51 0.1542593185
142.916 0.155509209
145.551 0.1944676974
148.346 0.2160991666
150.872 0.2353074046
152.996 0.2751945033
155.399 0.2730390975
157.523 0.2784176366
159.995 0.2775834296
166.895 0.2216385231
181.786 0.2487357527
183.92 0.2527064029
186.011 0.252137688
187.855 0.2518727265
