0.544 1.280749787
1.066 1.29174771
1.518 1.28767063
2.747 1.2642012
3.287 1.282588298
4.253 1.267322169
6.994 1.258668857
10.163 1.292476831
16.091 1.30116116
21.1 1.651722843
26.076 1.662842182
29.656 2.206031944
33.132 2.39954061
36.763 2.380089934
40.046 2.304411541
43.583 2.304686527
47.755 2.210443587
51.395 2.136865138
55.375 2.136658302
59.32 2.051732641
63.144 2.030845656
67.196 2.031543411
72.765 1.51452022
77.934 1.485298164
83.48 1.488669654
88.937 1.496411264
94.269 1.695670074
97.351 2.411349819
100.772 2.359588288
104.291 2.311180288
108.128 2.11242569
111.809 2.219237584
115.576 2.221926381
119.378 2.2574172
123.284 2.332651453
126.828 2.331793507
133.882 1.024080204
144.652 0.7449937733
145.75 2.171171239
147.404 2.168809337
148.982 2.164835652
150.877 2.039945804
154.912 1.971727985
158.949 2.202315978
162.38 2.344724979
165.966 2.348570417
169.205 2.281749208
173.05 2.143285558
175.595 2.145957499
