0.813 0.8538331911
1.601 0.8637357819
2.327 0.8670315574
3.097 0.8642039848
5.031 0.8490640131
9.94 0.6193420283
18.389 0.4103055015
26.75 0.4831156509
27.555 0.771098052
28.295 0.7769095472
29.111 0.7735997041
31.223 0.7584077666
34.034 0.8597222683
38.251 0.9770007521
42.66 0.7053262947
44.273 2.224007943
45.608 2.761736451
46.931 2.687230909
51.47 1.852089909
56.915 1.485606412
60.857 1.973787557
66.04 1.579648877
70.939 1.711520779
75.871 1.565097015
81.095 1.569681781
86.343 1.526456169
92.607 1.484629497
97.747 1.457735721
103.101 1.502367945
108.153 1.630182451
114.12 1.330681563
116.87 1.337690294
119.198 1.442014842
121.04 1.446688676
122.895 1.443225859
125.414 1.462972004
127.357 1.472031863
129.788 1.471844051
131.373 2.316596817
134.222 2.837828962
136.44 3.682087419
138.647 3.807796199
140.857 3.671082383
144.032 2.6422152
148.606 1.758804607
154.394 1.470905394
158.865 1.677340128
163.244 1.935269915
165.784 2.156370556
