0.434 1.602454709
0.874 1.611986
1.741 1.583613429
2.71 1.582009288
3.778 1.584743702
5.697 1.58408001
7.777 1.712352751
10.583 1.423543591
18.023 1.045769796
21.711 2.240673726
25.42 2.240781233
29.167 2.139054497
33.034 2.149732302
37.281 2.030614157
42.433 1.486228364
46.399 2.058750577
58.132 0.74519548
59.66 1.532919766
60.961 1.897537468
62.949 1.777570749
65.615 1.274089061
72.349 0.5380260337
75.227 1.291505321
77.061 1.859133257
78.918 1.8474311
80.823 1.857640637
87.505 1.351751553
94.012 1.148118039
96.145 1.780741633
98.628 1.502970725
101.319 1.248117252
104.622 1.109100293
107.37 1.244657801
109.408 1.931324154
114.545 1.772121665
119.275 1.709482056
123.307 1.789253636
130.595 1.113906462
139.841 0.8709807057
142.55 1.314629587
145.607 1.068652138
149.308 1.063503126
153.196 0.8734916334
159.628 0.5752356091
164.411 0.7612293993
168.854 0.843828428
175.547 0.4674064317
185.166 0.3374999173
186.582 0.7031455032
