0.68 1.024599829
1.281 1.037102104
1.823 1.032180425
4.166 1.023866508
7.75 1.051490729
10.644 1.05362606
13.955 1.039888195
18.309 0.9199252074
21.499 1.031287165
24.901 1.035122559
28.361 1.045706461
31.667 1.050003089
35.645 0.9424547146
39.439 1.036356174
42.427 1.050233277
45.776 1.053010814
49.427 0.9966133203
52.892 0.9770299806
56.789 0.974258012
60.176 1.054972139
63.487 1.013896003
67.815 0.8865079656
72.317 0.8200220528
75.781 0.9671695616
79.239 0.976939289
82.595 1.029563127
86.492 1.060251594
89.386 1.019973464
93.362 0.9181596037
97.258 0.9459667189
100.796 0.9889951927
104.398 1.021061271
107.618 1.061289453
111.526 1.01210522
115.411 1.007010042
118.915 1.03451173
121.67 1.023587275
129.616 1.012141819
137.564 1.012145775
145.82 0.9749405068
153.698 1.008337131
157.712 0.979614262
161.003 1.035025879
164.611 1.037466743
168.109 1.052869234
172.062 0.9500476632
175.23 0.9932574478
178.345 1.040727018
180.52 1.059206722
