0.493 1.411765944
1.023 1.414921697
2.059 1.389667162
3.136 1.387537903
5.9 1.383416533
8.167 1.386530711
10.651 1.384380543
13.679 1.332198342
16.176 1.291102694
19.002 1.219713844
21.998 1.214239909
24.939 1.20882396
28.124 1.20863187
31.44 1.197281046
34.067 1.198031688
36.982 1.198139659
40.091 1.171264124
43.052 1.16415021
46.246 1.17452908
49.128 1.224098417
51.924 1.225139943
58.712 1.210843628
65.743 1.194107272
72.333 1.167394641
78.945 1.246603983
85.544 1.200110367
93.642 1.110927096
96.426 1.042212353
99.981 1.045497544
103.346 1.091303157
106.398 1.091316496
109.769 1.092042461
112.501 1.226115413
115.765 1.223724297
118.946 1.22169272
122.098 1.214084651
124.449 1.214277963
127.506 1.169977912
130.852 1.046089371
134.231 1.046378387
137.371 1.046585574
141.068 1.045710013
144.383 1.009974701
148.577 0.8727617119
152.08 1.092867943
155.177 1.194940551
161.179 1.224568108
167.767 1.22510897
172.806 1.071684965
