4.876 0.1435440219
7.198 0.2670525952
9.105 0.3022771263
11.374 0.2751796601
13.807 0.2614825176
15.722 0.2743871135
17.759 0.3036227775
19.994 0.3043092891
21.403 0.4463282514
30.801 0.1461730955
35.087 0.1328285494
39.815 0.1311096466
44.045 0.1512186849
44.973 0.7868195172
46.617 0.7860445983
53.465 0.3246759182
79.291 0.1403286317
83.33 0.1484862541
87.716 0.148055454
91.454 0.1511037644
95.602 0.1534486551
99.679 0.1534654197
103.445 0.1700364984
105.406 0.2813321692
107.55 0.2783647898
109.732 0.2804090648
111.309 0.4781680935
112.286 0.4927980597
113.506 0.4912783038
118.904 0.283168435
121.426 0.2503423888
125.622 0.1476682793
129.473 0.1477600225
133.782 0.1475975462
136.521 0.2617885383
138.439 0.3366292768
142.459 0.3073199563
156.743 0.2463632835
158.742 0.3154463437
160.654 0.3122069705
162.917 0.2574317149
165.511 0.2499174803
167.828 0.2527516214
177.977 0.1631556679
182.38 0.1482047604
192.328 0.1500986382
194.392 0.2697667508
196.394 0.2679346356
198.142 0.2678672101
