0.448 1.558147206
0.888 1.555653156
1.863 1.538794181
2.839 1.537542
5.008 1.774799573
6.88 1.687233578
8.274 2.46033445
11.855 2.402322541
14.51 2.937235105
17.5 2.785179871
21.197 2.252643825
25.636 1.807763117
30.203 1.829976974
33.76 2.454640315
36.66 2.612742613
43.127 1.285355755
50.589 1.15560911
55.736 1.526636413
60.616 1.718751768
65.032 1.856148687
68.003 2.620808072
72.048 2.053182981
76.222 2.00904992
80.108 2.001379652
84.185 2.149033287
87.37 2.556552447
91.766 2.043280495
96.223 1.663716523
100.279 2.003536359
103.886 2.249187187
107.358 2.346368953
111.044 2.198474216
114.269 2.578306221
118.599 2.074621466
124.466 1.491599886
129.168 1.713154413
134.661 1.310499405
139.829 1.561952139
143.932 1.973948563
147.782 2.115773355
151.925 1.905453402
156.474 1.820304007
160.812 1.920395894
164.914 2.060993829
169.685 1.691071438
175.05 1.596830411
176.683 1.964414444
178.316 1.960273492
181.903 1.525809552
