0.895 0.7772826291
1.772 0.7767825153
4.742 0.7311907803
6.61 1.289313381
9.107 1.584425773
13.028 0.7808318916
14.969 1.829547997
19.13 0.9572043896
23.828 0.6906682603
26.51 1.307942471
30.245 0.9643577097
34.559 0.8044578122
38.46 0.9643902707
41.82 1.168256051
44.53 1.170053153
47.556 1.169175439
50.619 1.198993284
53.484 1.191086441
58.571 0.742807716
62.943 0.7963022614
65.91 1.147164935
68.383 1.63137003
69.895 2.594176393
73.924 1.942079514
78.188 1.949219025
84.776 1.211623108
92.488 1.162372324
97.332 1.555742555
102.52 1.554123036
107.996 1.496252963
111.835 2.114130175
115.845 2.133312497
118.869 2.754317663
122.729 2.22668796
126.611 2.260773597
129.879 2.517277081
132.895 2.474328226
136.282 2.442012607
139.338 2.708958079
143.231 2.087555667
150.999 1.045991758
159.604 0.9581225197
162.763 1.08439389
164.271 2.50195709
165.324 3.510945832
167.486 1.757062657
170.246 1.17715197
171.578 2.500555384
173.459 2.88254291
