0.745 0.9353193463
1.437 0.9425129868
2.073 0.9407214004
3.651 0.93321939
5.489 0.8653829371
7.396 0.6694611458
11.78 0.7928902689
16.982 0.7653549262
21.302 0.7415239176
26.212 0.7107134606
31.224 0.7140107634
36.301 0.6866217383
41.35 0.7158441603
46.828 0.7139342533
51.224 0.7441389907
56.031 0.7299890015
61.733 0.6418744841
66.772 0.667722962
68.906 0.7253243798
70.779 0.7445943038
72.784 0.7334388494
74.935 0.7062987997
77.431 0.6233328041
79.482 0.6564760202
84.419 0.6837575085
89.226 0.7181926928
95.017 0.7035436178
98.986 0.730817991
104.114 0.7260166529
109.499 0.6892659135
114.298 0.6955361182
119.501 0.7002426113
124.479 0.7057062987
129.941 0.7118411022
130.967 0.7081074264
133.044 0.6754205407
134.872 0.687137716
139.759 0.72222054
144.589 0.7100661252
149.877 0.6719898471
154.827 0.6527253858
160.614 0.6932106741
165.483 0.6938660123
168.049 0.6969865045
169.009 0.7051922309
169.893 0.7792956538
171.399 0.8949134615
175.616 0.7689788053
178.89 0.7046857754
