0.431 1.610085446
1.456 1.58508307
1.837 1.610584936
2.81 1.587306195
3.878 1.589680598
5.799 1.582397503
8.039 1.58428874
13.74 1.515232254
18.146 1.764103133
22.688 1.802651047
27.297 1.803823893
31.596 1.868669831
36.289 1.795592438
40.877 1.894694382
45.452 1.643035277
50.022 1.853352082
55.267 1.651510402
59.343 1.900436993
64.17 1.736091004
68.638 1.812943418
73.327 1.644038867
80.705 1.111741348
82.14 1.842899339
83.306 1.824691782
85.226 1.841320523
89.506 1.866234544
94.422 1.85293122
98.425 1.875083371
103.254 1.675462036
107.709 1.830341279
112.187 1.797058983
117.043 1.689060318
121.682 1.784156297
123.787 1.855932705
125.867 1.856307422
127.801 1.856759815
131.713 1.877704775
136.658 1.647993241
141.083 1.816719426
145.674 1.751000849
150.408 1.671179672
155.257 1.713227301
159.913 1.716205072
164.686 1.765999205
169.415 1.791899321
174.906 1.549455506
179.759 1.538328178
181.029 1.687954605
182.434 1.687508891
