1.052 0.6629763601
2.001 0.6697951087
2.907 0.6686618694
3.9 0.6683843536
4.944 0.6636974382
9.557 0.6593614734
15.173 0.6076489017
23.166 0.4976207001
29.056 0.5453394051
29.946 0.6380046344
30.865 0.6371920268
32.037 0.6320084162
34.464 0.619702487
37.659 0.5179003056
41.537 0.5182625545
47.768 0.5599002549
54.255 0.5601777317
60.326 0.5505590064
66.952 0.5643513
73.043 0.572101941
74.297 0.5978397143
75.415 0.5977650002
78.07 0.5903444172
80.241 0.6072247329
82.467 0.6287988696
88.133 0.6021730012
93.43 0.769369889
96.585 0.9228490273
100.091 1.041285467
104.179 0.9161217315
107.324 1.046665338
110.809 1.046648007
114.361 0.9564555152
118.938 0.889390384
123.317 0.888814173
127.692 0.822471963
131.442 0.7498569392
137.591 0.5766789049
141.854 0.8203676593
144.946 1.14389283
147.786 1.151923733
152.915 0.7484606807
156.079 1.149828191
159.189 1.17854062
162.338 1.179993703
165.504 1.183327912
168.091 1.249504214
170.739 1.246811576
172.595 1.250006586
