0.568 1.229519795
1.089 1.241851875
1.642 1.226931449
2.188 1.235368517
3.59 1.209212019
6.184 1.210257717
9.103 1.208972671
12.552 1.18244583
15.42 1.132538136
18.525 1.130100559
21.704 1.133894485
24.85 1.126240937
29.681 0.7391297521
39.151 0.4176410972
47.065 0.3893221446
49.149 1.683268756
51.735 1.428030524
52.998 2.763880113
54.815 2.149752465
56.265 2.533955942
58.941 2.88268973
61.968 2.735958261
65.206 2.585488836
68.219 2.61459467
71.398 2.633244089
74.696 2.457081941
78.168 2.653587325
80.884 2.74422976
84.168 2.676108726
87.211 2.682386186
90.322 2.607076614
93.711 2.419520079
96.869 2.663407178
100.182 2.600412109
103.671 2.55556932
106.845 2.542963582
109.683 2.574229005
113.124 2.556103436
116.347 2.532625134
119.496 2.589300315
122.59 2.631827585
125.873 2.568216526
128.976 2.572629441
132.312 2.500539317
135.527 2.53579336
138.785 2.633537202
141.913 2.592307114
145.136 2.564263592
147.25 2.614070777
