0.573 1.211892271
1.092 1.22089235
2.313 1.196056339
3.607 1.193142911
4.992 1.197857915
6.783 1.16449405
9.579 1.221246505
12.776 1.247119598
15.342 1.254841503
18.078 1.275072199
20.848 1.27677016
23.629 1.256446995
26.52 1.253810348
29.625 1.279961809
32.331 1.260799849
35.142 1.258749363
41.99 1.257098028
48.214 1.255640308
54.866 1.261117709
61.318 1.252697474
67.488 1.249545351
74.09 1.250301235
77.132 1.236509902
79.973 1.265223372
81.809 1.220285885
84.676 1.222256117
87.876 1.266467512
90.115 1.283087638
93.122 1.246028581
96.206 1.213937893
99.011 1.204615947
102.076 1.19940204
105.044 1.203260191
108.245 1.230370723
111.415 1.230753969
114.363 1.231544304
120.221 1.230767194
126.763 1.238998486
133.156 1.25193173
140.336 1.121181583
147.738 1.071573467
151.555 1.074593773
155.174 0.9286077252
158.239 1.200011218
161.185 1.242033762
164.48 1.12018806
167.32 1.102792263
170.274 1.102696753
172.336 1.103821475
