1.337 0.5197816198
2.543 0.5265723147
3.628 0.5260049893
4.845 0.5265505153
6.104 0.5231900632
7.126 0.5307917947
9.69 0.5378041914
17.736 0.5003347653
24.287 0.492507269
31.537 0.4791855769
38.202 0.5330583558
39.573 0.5542134871
40.682 0.5749218077
41.941 0.556866436
44.524 0.5446312486
47.164 0.5390532242
48.224 0.5452534139
54.345 0.5485423068
61.149 0.5472854109
67.764 0.5264354616
73.961 0.5422586374
80.931 0.5156928775
82.108 0.5698606385
83.204 0.5344723882
85.851 0.5339899455
88.463 0.5595684162
91.453 0.5444330776
93.432 0.547143014
97.849 0.5394538797
104.754 0.5328353348
110.886 0.537799902
117.52 0.5392208444
123.823 0.5326192984
126.794 0.5389991884
128.156 0.5472003246
129.442 0.4977606127
131.985 0.4896454901
134.626 0.5202688007
141.013 0.5385460096
147.604 0.5351607456
153.637 0.5420357473
160.836 0.537221179
162.104 0.5517162563
163.433 0.5390581489
164.684 0.5421242194
167.479 0.5342132058
169.838 0.5360909548
173.767 0.5357325202
177.979 0.5380463131
