0.588 1.188463774
1.196 1.205631196
1.749 1.195905596
3.025 1.181251122
4.41 1.18213314
6.626 1.414169197
9.678 1.137520386
12.661 1.339436092
15.149 1.30223289
17.608 1.418757296
20.292 1.355485342
23.666 1.048390181
26.114 1.466869333
31.879 1.495071508
36.774 1.534851885
42.167 1.494582975
47.819 1.519236379
52.906 1.535202709
58.402 1.531958641
63.768 1.526598406
68.809 1.518966841
74.343 1.54527591
79.806 1.531644545
84.843 1.542239614
90.138 1.557061828
95.199 1.571171779
96.972 1.566066635
98.814 1.565922614
101.288 1.522923821
103.83 1.503593331
106.021 1.540469041
108.396 1.555072291
110.634 1.554353108
113.189 1.554727639
118.921 1.530425628
124.184 1.543098644
128.899 1.557450657
134.246 1.527016486
139.353 1.574850629
144.554 1.551265618
149.748 1.528819922
155.127 1.529137578
160.495 1.550958366
162.938 1.560893523
165.369 1.512132668
168.004 1.410398944
170.304 1.412905313
172.512 1.500571606
174.054 1.544737681
