0.332 2.0871478
0.691 2.096749905
2.395 2.05993686
4.196 2.057770619
8.356 2.052937288
12.357 1.830249182
16.926 1.777469028
22.566 1.535996345
24.255 1.929585961
26.084 1.91404419
28.003 1.845721593
30.198 1.797950495
32.285 1.783267478
34.535 1.732694368
38.982 1.706561464
44.085 1.609990146
48.123 2.174882314
51.723 2.179420062
55.738 2.101328159
59.418 2.223468577
62.929 2.216546705
66.892 2.084908703
71.09 2.124767889
74.636 2.219276503
78.334 2.242649846
82.013 2.173388883
86.226 2.163852899
89.689 2.170214837
93.633 2.076363648
98.038 1.860804656
102.967 1.618685336
107.428 1.890948
111.379 2.105949862
115.34 2.164363361
119.244 2.237788672
122.705 2.348964298
126.047 2.205346282
129.788 2.171194139
133.633 2.13080461
137.534 2.088101719
141.283 2.251750273
145.126 2.186127815
148.883 2.14829263
152.794 2.180787394
156.528 2.182841177
160.535 2.129514155
163.881 2.228085589
167.632 2.15307225
170.226 2.119516846
