0.715 0.9730012768
1.416 0.9892358528
2.045 0.9871327029
2.716 0.9799194336
3.445 0.980559441
4.473 1.243385339
5.922 0.9402899089
10.259 0.9312179626
13.043 1.164979552
21.041 1.018642354
25.847 1.710331857
32.322 1.219838285
43.194 0.7632977235
44.886 1.628521513
46.883 1.632574164
49.425 1.545395258
51.912 1.498866553
54.213 1.500248222
56.834 1.456751373
59.334 1.419266525
61.886 1.341607535
70.657 0.9380881221
73.151 1.479341345
75.265 1.583840266
77.615 1.582262164
79.471 1.915724909
83.638 2.159134053
88.296 1.600900513
96.013 1.045977419
100.352 1.987615048
104.301 2.019613564
108.479 1.962961991
113.045 1.838904776
117.883 1.783591531
122.514 1.90674308
126.353 2.132281763
130.08 1.947344222
136.14 1.3477009
142.367 1.331306134
147.747 1.497994534
153.354 1.416443237
156.406 1.275136692
159.116 1.268882765
161.118 1.243528179
164.106 1.23600865
167.17 1.237024472
169.825 1.184825123
174.03 0.7667314244
176.717 0.8607077806
