0.333 2.100111451
0.682 2.112054649
2.39 2.065148592
4.188 2.06266134
6.102 2.06779493
7.649 2.067768562
9.337 2.066379057
14.439 1.693229126
20.416 1.294332653
24.993 1.801845933
28.61 2.307288439
32.052 2.33793221
36.342 1.940596597
40.467 2.084630494
43.978 2.149677279
48.02 2.150545527
51.945 2.221397794
55.254 2.360031275
59.709 1.876919108
64.136 1.854861185
67.98 2.013064306
71.93 2.119293323
75.773 2.195330053
79.16 2.269624268
83.742 1.872919869
87.768 1.978453802
91.938 2.157565675
95.189 2.305256489
98.919 2.198840928
102.411 2.36551306
106.406 2.016504872
111.815 1.506838043
118.09 1.320056036
124.819 1.326153416
129.692 1.798105854
134.49 1.704002947
139.562 1.44289983
142.783 1.10202465
146.023 1.088539374
149.296 1.089181782
151.052 1.957775958
152.872 2.163824465
154.434 2.161677
157.052 1.424069916
159.753 1.352719365
162.318 1.577259613
163.789 2.237526372
167.554 2.197940222
170.169 2.083901674
