1.972 0.3522061913
3.699 0.3550324993
5.328 0.3546141339
7.103 0.3546947643
8.991 0.3520248138
10.491 0.355064806
12.109 0.3959747057
13.403 0.5555474565
19.47 0.5353086938
27.54 0.425289939
35.155 0.4661062263
42.368 0.479150525
43.666 0.4904993273
45.175 0.4680172075
46.623 0.3810830624
50.755 0.3431202765
54.774 0.3442330412
56.481 0.349493847
57.841 0.480601884
60.476 0.5142015058
67.76 0.4593426352
76.934 0.3916151137
85.955 0.4045749251
87.345 0.3969182542
88.855 0.3913070629
90.404 0.3954387503
92.289 0.3922364361
95.101 0.3914384276
98.884 0.4099456471
108.066 0.3982526114
116.62 0.3841609564
118.472 0.382126591
119.97 0.3795651075
121.652 0.3816411128
123.503 0.3813820444
126.868 0.4466526496
129.413 0.4844808723
132.333 0.4832536291
140.551 0.4171189382
148.863 0.42191854
156.039 0.450943735
157.39 0.4820265892
158.646 0.4888056244
160.086 0.4801049731
166.109 0.3937074047
170.054 0.3854770027
173.441 0.3747416078
176.698 0.3724474826
182.864 0.3713138417
