1.63 0.4274563131
3.104 0.4270870656
4.461 0.4288696904
5.897 0.4298531345
7.474 0.4272289905
8.645 0.4301746688
10.094 0.4245745169
11.767 0.4268364617
19.57 0.4113914304
26.623 0.4874308119
34.046 0.4784829863
42.269 0.4206743145
43.399 0.5619536466
44.731 0.5615420567
45.762 0.5656249146
48.256 0.5666337344
50.369 0.6588927971
53.728 0.6570321356
60.566 0.5453357523
67.34 0.5132254306
73.564 0.5421699896
79.056 0.6562844341
83.482 0.8264211232
87.297 0.8860011079
91.721 0.7775035915
96.165 0.7769795053
101.565 0.7774355023
104.615 0.6060415224
107.335 0.5739239059
110.017 0.5783187642
112.374 0.5967063077
114.62 0.6799348319
119.593 0.6775303321
126.181 0.5969710685
133.353 0.5441357369
134.605 0.5149990755
135.693 0.5180349101
136.738 0.5177074951
137.893 0.5134681632
140.835 0.5212311432
146.188 0.6089116299
153.292 0.5477957913
158.843 0.6095705297
164.485 0.6533514637
169.652 0.7105818655
173.348 0.6562416238
178.166 0.6528679316
182.093 0.814119273
184.011 0.816632954
