2.04 0.3403300893
3.859 0.3428335153
5.487 0.3438327392
7.257 0.3427104125
9.161 0.3400150187
10.623 0.3443920369
12.443 0.3412349349
14.476 0.3399880333
18.725 0.3371144323
29.498 0.3202395179
30.444 0.6521569817
32.875 0.6428994165
40.02 0.4966793497
45.754 0.6858646091
49.907 0.7496146271
54.486 0.7700982873
61.093 0.5476364392
70.559 0.3610856088
72.016 0.4483749355
73.32 0.4494235462
74.749 0.4501003528
76.597 0.840850917
78.505 0.8388058722
84.146 0.5888489797
93.74 0.352411419
95.073 0.4697254392
96.775 0.4669481382
101.359 0.2318236109
103.954 0.2330165854
106.458 0.23478846
111.038 0.3002355081
112.954 0.328916375
116.334 0.421720609
121.203 0.8058297474
128.471 0.5344584874
138.45 0.3548390915
139.04 0.9432427554
140.583 0.9224244512
142.247 0.9779316224
144.378 1.062380184
149.852 0.5878373688
158.071 0.4810318834
167.97 0.3350159984
174.474 0.2556856076
177.191 0.2550387337
178.922 0.3878709313
180.206 0.442837887
181.348 0.4404845409
183.633 0.4363240198
