1.391 0.5005446983
2.683 0.5094216319
3.763 0.5080263031
4.977 0.5089370298
6.249 0.5045202103
7.261 0.5089390448
8.747 0.9396163488
11.78 1.331299119
14.004 1.452490531
15.987 1.81105087
18.043 1.80661328
24.133 1.30318001
29.682 1.508521768
36.825 1.209431238
42.885 1.253256075
50.344 1.094978254
55.966 0.650349224
62.929 0.4773319465
68.644 0.6544223304
74.186 0.6291968976
77.134 0.5132239003
78.457 0.484727688
81.545 0.4990824923
83.606 0.6475014114
85.606 0.7155065705
87.226 0.9434540297
92.549 0.7665716448
95.322 1.047632477
98.684 1.107920085
105.695 0.5274156205
109.694 0.8451740916
114.48 0.7639832235
118.607 0.8059045002
123.161 0.8704928487
130.673 0.5260603802
136.549 0.604533886
139.927 0.8226585838
143.8 0.9226252881
150.638 0.5032630667
152.456 0.8385415045
154.052 0.8399988268
156.955 0.5052008461
159.392 0.5894613771
160.513 1.628622811
166.071 0.6535582567
168.461 1.575219174
171.374 1.080805848
173.601 1.442143485
174.892 1.886123401
