2.111 0.3290685583
4.007 0.3316349421
5.753 0.3300881564
7.382 0.382629031
8.797 0.4496648324
9.766 0.5666474527
12.105 0.5798870128
20.471 0.4798247524
26.558 0.5278268418
34.455 0.435199396
35.845 0.408671571
37.131 0.5744962754
38.28 0.5743695293
40.701 0.6838125068
45.639 0.6361737791
52.378 0.5314762828
59.013 0.5473030228
64.313 0.6360125665
70.798 0.5773891188
76.512 0.6157785408
77.747 0.6292712014
78.775 0.6231478028
82.501 0.4100828709
85.763 0.4109303623
86.744 0.6031749755
89.194 0.6002340342
95.84 0.6159929661
101.917 0.4720044565
107.806 0.6271173307
113.628 0.6385774631
118.034 0.7548441468
123.346 0.6803813797
128.47 0.6541068713
129.461 0.657247884
130.539 0.6597796198
131.481 0.7006171168
133.241 0.6975732187
138.706 0.6492866078
144.628 0.5845580692
149.909 0.6688733725
154.45 0.7225916694
160.215 0.670180824
166.75 0.5145243366
169.696 0.5724197451
175.687 0.6094517282
184.373 0.4374246515
185.487 0.4937044011
186.372 0.5287929662
187.232 0.5313040465
