0.203 3.467876345
0.473 3.444660559
0.891 3.389344066
1.421 3.418813342
2.599 3.39831009
4.834 3.389095857
7.271 3.391915749
9.819 3.389827191
12.158 3.389017278
14.797 3.112911299
17.785 2.808175995
20.791 2.710704763
24.24 2.466514583
28.055 2.380759439
31.138 2.461841637
34.335 2.558798656
37.971 2.389685505
41.758 2.043387975
45.837 2.050725172
48.68 2.89195192
51.337 2.88488189
55.071 2.208319829
59.184 2.128051074
62.879 2.129163063
67.253 1.872488718
72.605 1.480847229
76.764 2.200184256
81.951 1.429052435
85.342 2.383672948
88.518 2.587541287
92.829 1.863080349
98.36 1.519736599
103.589 1.575493131
107.807 2.077154581
110.759 3.010928568
113.51 2.94923587
116.886 2.177771046
121.68 1.711554154
126.599 1.624487755
131.532 1.656872742
136.464 1.682653122
141.319 1.690417535
144.179 2.853516675
147.479 2.522701799
151.467 1.997489993
155.432 2.131687128
158.642 2.327617173
162.477 2.127923543
165.12 2.043964885
