0.419 1.661513237
0.859 1.677399924
1.71 1.64759781
2.677 1.644192312
4.979 1.639786072
6.754 1.710479046
8.725 1.757932078
11.029 1.778466767
15.504 1.741203138
20.069 1.809929584
24.42 1.87668029
28.661 1.885792921
33.067 1.886258111
37.604 1.883311038
41.71 1.866711751
46.121 1.858083313
51.192 1.777674628
55.695 1.74701517
60.244 1.863790838
64.625 1.85959078
68.813 1.850997651
73.32 1.836592671
77.941 1.823708303
82.117 1.851739235
86.606 1.851181381
91.563 1.680412049
96.998 1.654427449
101.098 1.841196322
105.478 1.860795545
109.879 1.885208652
114.079 1.886329731
118.349 1.886482952
122.732 1.887016894
127.323 1.886019514
132.157 1.885384877
137.001 1.66556679
139.694 1.643817882
141.935 1.646022673
144.123 1.600338426
146.176 1.764230226
148.024 1.762214452
150.277 1.761857074
152.16 1.779998609
156.884 1.842062103
161.251 1.865046697
165.756 1.880336081
169.688 1.881060397
174.075 1.880780851
176.945 1.883682227
