1.18 0.5900836713
2.209 0.5953734299
3.209 0.5945359251
4.307 0.5941957511
6.778 0.6553349382
9.123 0.5176698244
12.639 0.388768353
20.947 0.4821707969
28.412 0.4303675647
29.531 0.5226482409
30.563 0.5716088821
31.655 0.6898049103
32.512 0.7587800508
35.913 0.7787934131
40.929 0.6242195333
47.709 0.5290199142
51.858 0.8900447672
57.057 0.6415861917
63.389 0.5875462919
70.019 0.5294367115
74.53 0.7520303461
80.065 0.6549537191
85.802 0.6349350791
88.146 0.5786494513
90.225 0.672044575
92.145 0.7768705624
93.533 1.208973911
95.084 1.232696702
98.455 1.084997601
101.938 1.06068799
105.085 1.059637706
109.01 0.9369833833
112.703 0.9193297636
118.521 0.6763365583
123.819 0.7362206903
127.077 1.112526239
130.126 0.9628844787
134.909 0.7464644195
140.395 0.629172516
144.559 0.8634122481
146.655 1.036717715
150.132 1.117098947
154.533 0.7655730201
158.859 0.855248788
163.006 0.8732242264
168.188 0.749165969
172.585 0.7263807993
176.271 0.8625203366
179.078 0.8094156018
