0.731 0.9564864036
1.417 0.9661151484
2.057 0.9633683971
3.642 0.9424959246
5.336 0.9455604791
6.674 0.9434285256
8.394 0.7835749241
17.449 0.442720459
22.457 0.645420004
24.699 1.557188494
27.877 1.140181571
30.08 1.574762362
33.412 1.067258566
38.514 0.771975364
42.363 0.8182540388
47.387 0.7180820291
60.999 0.2671655294
63.775 0.2187577652
66.751 0.2160008468
69.339 0.2153834175
72.334 0.210509964
75.31 0.2106226158
78.949 0.1780814495
82.912 0.1377150479
87.159 0.1363660637
89.993 0.22830754
91.245 0.6079136139
92.013 0.6134385342
94.165 0.7333001161
96.553 1.030206226
99.044 1.339179393
101.529 1.471293013
107.061 0.6057258295
120.272 0.2925448468
133.577 0.2895067935
134.425 0.7463286476
134.995 1.055049548
136.41 1.044984343
137.854 1.051751573
139.29 1.05763641
140.682 1.016770732
144.974 0.8975185282
147.924 1.137136055
150.077 1.755248966
155.301 1.524704457
159.793 1.908682856
171.469 0.6309247724
186.926 0.2059396369
188.075 0.9101902594
