0.785 0.8886148323
1.569 0.897213913
2.206 0.8969291973
3.94 0.8817274335
5.757 0.88234145
9.23 0.8753391593
13.161 0.8778206573
24.554 0.3480973605
25.655 0.5539409919
26.666 0.5569663708
27.662 0.570372971
28.875 0.6088215246
31.303 0.6081633801
37.466 0.6592416156
42.905 0.5691208259
46.971 0.8699944928
51.67 0.7737854228
56.883 0.6392210117
64.898 0.4674207332
71.63 0.5225128129
74.474 0.5619781645
75.866 0.4457139181
77.311 0.4496687929
80.35 0.4409707888
83.49 0.4405109554
88.409 0.7052658256
96.251 0.5185252198
102.073 0.4927881578
108.349 0.3744270222
110.139 0.3668666804
111.877 0.3625701842
114.913 0.198981
118.386 0.1652321092
124.563 0.2595687437
127.954 0.4516822685
133.728 0.3920870104
135.291 0.3459667774
136.421 0.4860667841
137.826 0.485587539
141.224 0.4429114378
144.484 0.4112634256
151.542 0.3420754434
154.079 0.5747738012
158.94 0.7525620827
164.279 0.679063576
174.015 0.3773691389
178.36 0.7324067125
182.648 0.746549497
186.266 0.6303089236
