0.476 1.463714042
0.91 1.461371146
1.919 1.443470648
3.002 1.442420234
4.168 1.446939901
6.286 1.437363482
8.756 1.43694448
11.537 1.447043026
13.842 1.425085049
16.303 1.4211298
18.879 1.416449229
24.39 1.428902474
30.327 1.413314977
36.56 1.376642779
41.965 1.393234994
47.609 1.430750714
53.614 1.444266431
59.091 1.424179498
64.997 1.428626945
67.53 1.420439958
69.846 1.483871958
72.311 1.481085422
74.837 1.484831684
77.102 1.482728712
79.54 1.435391246
82.009 1.405237746
84.988 1.391925712
87.228 1.467339556
92.861 1.431406993
98.679 1.397056741
104.329 1.399383299
110.094 1.406559032
115.945 1.422094916
118.883 1.344174647
121.689 1.375339841
124.23 1.452081394
126.387 1.442278028
128.974 1.418616046
131.399 1.417749478
133.896 1.451329016
136.208 1.454730108
142.021 1.423587437
147.655 1.425212554
153.586 1.406899657
159.297 1.416245817
165.11 1.468062815
170.342 1.42197899
176.008 1.432943866
179.83 1.43429381
