1.178 0.5900836713
2.207 0.5953734299
3.207 0.5965813468
4.307 0.5948070636
5.462 0.5902396635
7.578 0.5837173538
13.575 0.5681845247
20.241 0.5972201801
25.881 0.5721932394
31.809 0.5789070985
37.716 0.6047044971
43.79 0.5727610002
45.061 0.5415930073
46.229 0.6113314347
47.173 0.6179603159
48.081 0.6102915736
50.364 0.602678324
56.221 0.5700891321
62.919 0.5584324309
68.847 0.5916054163
74.581 0.587815283
81.015 0.5570032805
82.229 0.5578690605
83.259 0.5632833311
84.322 0.5564458234
86.961 0.5586830231
89.699 0.5947261821
94.58 0.5948590229
100.509 0.6155949299
106.558 0.6127066678
111.952 0.6114905342
117.704 0.6258117468
123.364 0.5954277235
130.022 0.5850896935
132.487 0.6340444254
134.662 0.6370875738
135.486 0.6484013113
137.697 0.6206252192
140.196 0.596289663
142.773 0.5970387951
148.141 0.6021370144
154.526 0.6056646081
160.037 0.6100217292
166.413 0.577160087
172.591 0.5891198951
178.781 0.6043900173
179.639 0.634587791
180.432 0.6337907063
181.194 0.6375648558
