0.665 1.050055726
1.274 1.067717664
1.813 1.059509031
2.462 1.066701967
3.992 1.044244485
6.94 1.058115944
9.776 1.219919544
13.031 1.225804627
15.717 1.21962296
18.606 1.217965777
21.497 1.256576814
25.369 0.9090330419
29.493 0.8674761745
32.987 1.212341185
35.637 1.212769379
38.501 1.232101996
41.501 1.245939314
44.246 1.253155228
47.236 1.257332978
50.078 1.243141917
56.792 1.13734663
63.694 1.195290195
70.713 1.198089361
77.482 1.140600255
80.357 1.175697089
83.19 1.214327969
86.773 1.157390252
89.235 1.166829387
92.428 1.162372952
95.7 1.141048192
98.613 1.161547804
101.873 1.124558137
105.029 1.127052339
108.245 1.229977759
111.385 1.243586855
117.851 1.239660157
124.213 1.134378278
130.904 1.212480758
137.691 1.1891007
145.598 1.025804789
148.652 1.089434523
151.991 1.236270657
154.797 1.229141471
157.885 1.220220231
160.884 1.20145536
164.132 1.135862334
166.715 1.237494562
169.327 1.253264024
171.189 1.254936189
