1.698 0.4090961206
3.257 0.4113027533
4.618 0.4112402644
6.163 0.4109114896
7.731 0.4093918205
8.971 0.4209236006
9.908 0.6509173244
16.379 0.6224774009
21.652 0.6077086819
27.211 0.6203179712
32.899 0.6281755072
38.43 0.632414759
44.155 0.6265705868
50.333 0.631903781
51.243 0.6447283989
52.129 0.6438996202
54.347 0.6376078991
56.633 0.6311607861
59.127 0.6291387448
64.708 0.6275879923
70.1 0.6291887358
75.845 0.6326787618
81.629 0.6320373589
86.909 0.6282117593
92.357 0.6277307704
97.763 0.6323438008
104.129 0.6358479315
104.858 0.6604753547
105.806 0.6507479127
106.78 0.6513931305
108.903 0.6433825133
111.373 0.6363492657
116.641 0.6322488733
122.835 0.6314248832
128.959 0.6338761101
134.534 0.6382717342
138.944 0.628239734
144.593 0.6284813844
150.027 0.6382014268
155.599 0.6329163837
157.768 0.6306173724
158.777 0.6344059114
161.032 0.6285446473
163.69 0.6363198415
166.147 0.6402465706
168.517 0.6418986023
173.477 0.6373811716
178.474 0.6367716887
182.044 0.6346187282
