0.474 1.4732808
0.905 1.480058757
1.911 1.457985995
3.59 1.456915944
6.267 1.454514048
8.367 1.452073342
10.332 1.757015056
12.857 1.612030768
14.714 1.760399178
20.832 1.340755415
26.367 1.482078586
40.699 0.5476075374
44.76 0.9386869053
48.863 0.95379638
51.341 1.263405885
52.345 1.4662944
53.326 1.462052971
54.889 1.46046576
57.598 1.42179836
60.439 1.261859808
63.15 1.259572285
66.227 1.259080059
68.937 1.374844152
70.974 1.657300747
76.01 1.627794875
82.162 1.295404491
96.018 0.6454723824
97.735 1.739806679
100.575 1.310089427
103.911 1.102239387
107.563 0.9683604197
110.812 1.111879123
113.538 1.253663322
116.44 1.364172994
118.357 2.064125505
120.107 2.070243402
123.528 2.151524935
127.253 2.191446704
131.073 2.110969992
136.696 1.430868053
143.267 1.216133695
152.419 0.8933418084
158.344 0.85936623
162.718 0.843696755
166.301 1.024740294
169.882 1.054541936
172.82 1.102792263
174.711 1.751919437
176.082 1.752566275
