0.684 1.018427541
1.281 1.033398168
1.828 1.022041129
3.333 1.010821855
4.017 1.018336438
6.04 1.008540443
9.463 1.008140635
13.436 1.006285533
15.332 1.747790259
17.788 1.429496418
20.688 1.26110992
22.885 1.648555575
24.979 1.702249042
30.918 1.433536553
37.183 1.208779802
44.538 1.109084499
51.696 1.202433876
54.943 1.054929585
58.208 1.15206239
60.33 1.6984895
64.463 1.873392437
69.561 1.666467784
75.017 1.52881079
79.682 1.663364975
95.024 0.5346099895
99.814 1.1721597
101.882 0.8109348811
102.419 0.8319065836
103.225 0.8209147519
105.17 0.8087671751
107.002 1.193283447
108.272 1.285887117
110.695 1.385572342
113.814 1.283259035
117.74 0.9988401096
120.525 1.294188282
122.705 1.296119834
125.467 1.315453689
127.388 1.801660318
137.575 0.7932047764
143.744 1.279837827
148.936 1.586767641
154.171 1.52961766
159.579 1.539690409
164.986 1.47161942
172.13 1.191192237
174.153 1.595262736
176.629 1.304142183
178.489 1.257060799
