0.683 1.018427541
1.387 1.031556103
2.027 1.030136504
3.535 1.009387048
4.824 1.269371821
6.045 1.706692338
7.836 1.224174146
11.354 1.151719501
16.602 0.6137046468
21.033 0.7885275997
23.574 1.419324684
25.566 1.744637034
27.628 1.744404789
29.811 1.83408419
33.935 1.854183485
39.081 1.579187573
44.898 1.498124739
50.275 1.456399528
56.583 1.317855934
62.385 1.415112829
67.722 1.456843197
73.055 1.54498101
78.116 1.716854835
83.574 1.418250569
89.26 1.440426951
91.672 1.430288673
95.093 1.186187877
97.595 1.185965781
100.125 1.502061851
102.148 1.871931047
104.092 1.727192561
108.057 0.9240577927
111.849 0.8837905727
115.687 1.07541479
117.779 1.937344192
119.594 1.9692276
122.207 2.85979626
125.465 2.527792164
129.952 1.787265744
136.374 1.255949161
142.607 1.267223494
148.261 1.466228273
151.418 2.541154901
156.195 1.7614768
162.206 1.387896032
167.794 1.524022167
173.001 1.434845047
176.307 2.505748042
178.719 2.309529833
