0.597 1.167937629
1.214 1.178621128
1.758 1.176965915
3.055 1.152533509
4.435 1.157114449
8.145 0.8222004686
10.963 1.230167225
14.347 1.182800387
17.525 1.020340727
20.9 1.036384903
22.847 1.90092262
25.676 1.235074209
28.814 1.135747587
32.504 1.134896958
34.567 1.564062863
36.704 1.642213421
38.048 2.892824505
44.061 1.28620912
50.755 1.243649653
56.071 1.525437274
61.057 1.534635795
64.202 2.621664668
66.591 3.614707927
71.63 1.546317124
78.381 1.219686758
86.668 0.9716739231
93.936 1.234859512
99.356 1.373142297
104.833 1.464947341
110.27 1.501555856
115.217 1.60284176
117.558 1.582804298
119.892 1.445179931
121.874 1.340852388
124.772 1.335398201
127.436 1.337574404
129.364 1.468046937
131.511 1.663274936
133.648 1.660891772
136.244 1.477345157
138.601 1.394381042
141.446 1.394025122
144.093 1.279222904
150.466 1.321319079
155.351 1.634422643
160.728 1.571603074
165.581 1.530260587
171.271 1.415984453
175.146 1.391624317
