1.454 0.4785816613
2.749 0.4822524782
3.926 0.4803498933
5.605 0.3701360217
7.35 0.3823565116
8.363 0.5094910394
9.696 0.454345479
18.993 0.4323840063
25.847 0.4730449328
32.213 0.541469016
34.657 0.5695077503
35.859 0.6146198248
37.041 0.5396377979
38.418 0.5220894532
40.933 0.5254573069
43.566 0.5392666261
48.853 0.6895073556
52.744 0.8619950535
56.477 1.004628647
60.016 0.9842578796
63.466 0.9899862169
67.107 0.9919385612
70.331 1.158159162
73.411 1.087136097
76.821 1.073659733
80.012 1.089831861
85.605 0.7296957493
89.345 0.7792834008
93.841 0.8195848241
98.108 0.8670984951
102.259 0.8049675936
105.937 0.9815399611
109.419 0.968270554
113.538 1.004711809
117.93 0.8863372175
121.075 1.147429023
124.025 0.9324218336
127.877 0.9292558132
132.902 0.6788340543
138.678 0.6131832954
143.993 0.6068286939
151.59 0.5125919209
160.838 0.3699009677
170.179 0.3932306378
173.112 0.5181883906
176.173 0.5011332913
179.521 0.3784268356
182.908 0.3606073312
184.277 0.3459858994
