0.177 3.954595832
0.589 3.904309877
1.958 3.874117061
4.082 3.87545985
9.304 1.597650368
12.636 2.25059622
15.861 2.546897068
19.325 2.495937806
30.237 0.7060322263
32.322 1.703077396
33.459 3.323000663
34.521 3.368716722
38.211 0.9758806507
39.756 2.664301982
43.131 2.247478204
45.637 3.294848146
57.025 0.7526368983
64.502 0.688685465
67.227 1.404943389
72.329 0.6876214244
74.39 0.7319450839
75.221 2.146414534
75.765 3.270792263
76.827 3.200417388
77.954 3.196320985
80.343 3.350757444
83.134 3.27119906
87.62 1.662585256
91.752 1.971205211
95.358 2.267560829
99.456 1.944665015
102.891 2.360891047
107.366 1.872708172
112.063 1.906308384
115.035 2.933751656
117.753 3.019588714
120.017 3.231181566
122.764 3.004070416
125.454 3.000849592
128.165 3.003315602
130.906 2.907988951
133.734 2.981958565
139.058 1.562317325
141.784 3.085712256
144.403 3.165425672
147.663 2.649401884
150.082 3.072768416
153.223 2.660434115
155.897 2.062144
