2.561 0.271908278
4.789 0.2749182774
6.873 0.2742324378
9.08 0.2746567534
11.549 0.2568427771
14.215 0.1859662464
17.802 0.1707707626
21.343 0.1956602842
24.015 0.2223674271
26.536 0.22302662
29.196 0.2130836018
31.61 0.2845740982
34.157 0.2523928578
43.052 0.1851127224
45.516 0.2286832951
47.478 0.2864564569
54.43 0.1959078423
57.421 0.2013798119
60.281 0.2331073935
66.978 0.1981362728
70.782 0.1671361527
75.116 0.1420632212
78.744 0.1791277565
81.036 0.2389288604
88.406 0.1853916069
92.413 0.1524887644
96.768 0.1667754134
99.194 0.1815799614
102.395 0.1938116239
105.215 0.2255230081
110.758 0.2490551748
113.074 0.2674886137
118.193 0.2838738396
120.259 0.3225221712
125.82 0.273744318
127.63 0.360936852
130.78 0.3946613848
146.637 0.2215518524
151.147 0.1294197372
154.161 0.1965177373
156.92 0.2118510418
159.975 0.2099934461
162.768 0.2032092607
166.374 0.1849755091
175.476 0.1658758858
179.221 0.1679023913
181.971 0.2001086696
184.472 0.2005849458
186.988 0.1778556135
