0.463 1.50609329
0.898 1.499230502
1.359 1.507880969
2.379 1.481485782
3.444 1.484832605
5.395 1.58745578
7.327 1.855756398
12.737 1.601247318
17.535 1.618463797
22.703 1.585511119
27.635 1.677331678
32.257 1.72027788
36.865 1.804264893
43.105 1.366419084
57.199 0.5337660221
59.983 0.5165671208
61.025 0.5446970328
62.253 0.5033590627
63.86 0.4071280024
67.179 0.4052591551
70.04 0.5146939294
72.353 0.6697277227
80.685 0.4360277106
89.033 0.398336894
89.926 0.8804408916
91.075 0.5500435258
93.193 0.3354525792
96.579 0.3210087043
102.721 0.2470691002
104.84 0.2857399763
109.335 0.3051168274
111.365 0.3109342165
113.185 0.3126091131
115.384 0.3122518196
125.308 0.3880992535
129.756 0.3278471415
139.708 0.2757813967
141.178 0.352658546
142.806 0.3468482421
144.57 0.3480435784
147.394 0.2017555009
154.119 0.2200343993
158.908 0.2991905131
162.094 0.2152973259
165.175 0.2162458599
167.838 0.2350500906
169.97 0.258583296
171.816 0.2568422979
176.093 0.2320962972
