0.44 1.583690603
0.88 1.5854876
1.241 1.590883592
2.224 1.56632858
4.689 1.561076341
6.723 1.560028533
8.967 1.562243906
14.353 1.594652889
19.425 1.526072451
24.706 1.554356788
29.89 1.593365922
33.505 1.619502734
35.965 1.628272431
38.396 1.618490751
40.418 1.601770878
42.659 1.600125006
44.98 1.586840627
49.885 1.572708175
55.497 1.506258387
60.817 1.542151985
65.812 1.549681244
71.81 1.372850686
77.535 1.469278507
82.587 1.529211846
87.807 1.597425568
93.029 1.590316845
95.635 1.589746039
97.487 1.591550015
99.814 1.573246521
102.243 1.559808466
104.394 1.560446305
106.789 1.560540677
108.994 1.584273284
111.523 1.599277559
117.192 1.593494959
122.416 1.562447843
127.065 1.569431046
132.16 1.583314814
137.285 1.56398959
142.537 1.558838678
147.933 1.474773637
153.465 1.492074383
158.425 1.607827892
163.862 1.600597302
168.884 1.590035788
171.321 1.584786666
173.371 1.578959591
175.409 1.578044726
176.924 1.579795558
