1.16 0.6010985665
2.198 0.6009376676
3.189 0.6049057377
4.291 0.6016154691
7.029 0.5919808259
8.818 0.7028150819
10.764 0.7148252986
18.668 0.5035924026
32.314 0.2338202491
34.53 0.25640325
35.824 0.4474936371
37.427 0.4440487266
38.889 0.4442189302
40.558 0.4414498941
44.377 0.3362137662
51.468 0.1960264063
54.268 0.2009044381
57.239 0.2000137939
60.499 0.1992132162
61.898 0.4478870555
67.001 0.667428824
72.588 0.6509937571
76.902 0.8607977131
81.65 0.703662425
88.758 0.4760090394
95.285 0.5235798811
100.452 0.7972467196
101.75 0.8412101062
107.374 0.6745837059
109.798 1.521238181
112.622 1.19972275
114.2 2.382704724
115.46 2.852790194
117.305 2.143049729
119.092 2.263682123
121.841 3.02531631
124.266 3.028376277
127.19 2.767783519
130.177 2.768485236
134.102 2.104617155
138.138 1.995635166
142.158 2.058737545
145.961 2.1047539
150.813 1.788576443
156.124 1.517095567
162.188 1.398997747
168.924 1.105098049
184.408 0.5210535614
185.579 1.376234931
