0.786 0.8828144744
1.568 0.8916840892
2.208 0.8923137812
2.971 0.8922105954
4.774 0.8767825978
7.044 0.87415949
9.031 1.769011482
10.967 2.119634223
16.411 1.414808101
21.038 1.781949224
29.328 0.9839039417
34.064 0.7351378801
38.874 0.7425581422
43.888 0.7772671306
48.273 0.7527534076
53.305 0.6893933474
58.525 0.7056084889
62.841 0.780882933
67.719 0.7661995752
72.444 0.7445383007
76.801 0.775960184
81.842 0.7227672755
82.801 0.6992555999
83.655 0.7052679724
84.505 0.7016367003
88.933 0.7823914824
94.321 0.7560072253
98.32 0.7246214356
103.929 0.6576639401
109.303 0.6896588068
113.637 0.7709656402
118.353 0.767783313
122.876 0.7393038139
124.85 0.7968908602
126.799 0.7965331195
129.765 0.7844502358
133.212 0.801265571
137.689 0.8003700344
142.059 0.7982793472
146.543 0.7841911424
150.71 0.7814812989
156.227 0.7068332791
160.559 0.7793279964
165.394 0.7601413903
170.368 0.7659697155
175.144 0.7740905414
179.547 0.7152833148
181.322 0.6893025092
182.613 0.8027479016
