1.622 0.4329295053
3.088 0.4331609086
4.441 0.4346022844
5.873 0.4353557725
7.364 0.4302525502
8.535 0.4349543873
10.25 0.8275737684
14.916 0.8595858116
19.603 0.6944481873
23.491 0.9024004466
27.145 0.9919967927
30.606 1.007234368
35.01 0.8217343137
38.455 1.156342222
41.21 1.135281885
44.551 1.126227702
49.877 0.6855635576
53.19 1.010596655
58.365 0.7273662568
61.642 1.072423301
64.798 1.076770723
69.257 0.8190696003
75.338 0.6005198188
86.063 0.3058049531
92.379 0.5507263692
93.609 0.4923433451
95.137 0.4864182978
96.068 0.4993448938
97.506 1.074554499
101.6 0.9119784674
107.323 0.5803589153
115.353 0.448601218
121.073 0.5854739256
122.37 1.225545641
126.585 0.9161229137
131.307 0.7662882606
134.57 0.8649067599
137.334 1.285424923
141.201 0.893684494
146.807 0.6328006769
151.237 0.7415542469
156.534 0.7316558641
160.046 1.017455995
164.252 0.8769871377
170.265 0.5994153865
173.017 1.352437344
175.151 1.518439273
179.234 0.7827447113
183.297 0.5637842916
