0.301 2.323834664
0.654 2.333479733
1.277 2.293317162
1.931 2.286537541
2.676 2.291710203
5.884 2.275413759
9.534 2.276027414
14.064 1.911293635
18.652 1.684800128
23.214 1.792240357
27.569 1.897825983
32.118 1.735163799
36.963 1.728739291
42.097 1.729382878
46.521 1.730714654
51.386 1.677452545
56.868 1.58925903
62.52 1.365780267
63.63 1.483455959
65.916 1.55971142
67.984 1.681771717
69.788 1.995016242
71.717 1.99264905
76.134 1.758788179
80.109 2.086734477
84.319 1.904358012
89.633 1.706059016
93.548 1.912731721
97.563 2.008604753
102.419 1.673215744
106.74 1.857357276
110.827 2.088148275
114.752 2.120745763
118.78 2.142016623
122.775 2.163891441
126.861 2.017387754
130.521 1.976996473
134.232 2.204753861
137.918 2.198683427
141.702 2.161606518
146.307 1.821376266
151.371 1.638273607
155.293 2.032138806
159.528 2.004439117
163.633 1.965697066
168.507 1.741966551
172.968 1.673492136
178.178 1.551962824
181.651 1.552461247
