0.756 0.9238195182
1.442 0.9364125791
2.082 0.9322919972
3.684 0.9152035716
5.389 0.9166840813
8.674 0.9480287936
10.982 1.485096059
13.671 1.484062938
15.822 1.501296412
18.133 1.532616088
20.422 1.583958631
22.472 1.740188699
27.675 1.592101238
32.261 1.862587986
36.313 1.86484504
40.683 1.87329925
45.828 1.697934438
49.835 1.951760897
54.332 1.868850904
58.976 1.756958963
63.138 1.927652279
67.519 1.878788697
71.992 1.887442284
75.781 2.071163525
79.708 2.086734477
83.659 2.035010433
88.2 1.985018097
91.881 2.055288918
95.901 1.989479977
100.278 1.974936443
104.163 2.041115552
108.027 2.092523652
114.338 1.308610463
119.424 1.698472047
124.057 1.88787274
128.227 1.9379669
132.188 1.841865169
136.631 1.8503181
140.733 2.071847343
144.876 1.964758275
149.519 1.703115353
154.043 1.835103227
158.303 1.883729624
162.737 1.908945487
166.939 1.915673268
171.464 1.877378913
175.572 1.797179655
180.17 1.835979841
182.753 2.099489915
