0.655 1.066618119
1.262 1.077659169
1.809 1.066022407
2.459 1.074632836
3.097 1.066573427
6.069 1.047698487
8.784 1.261969975
10.831 2.052361753
14.338 2.228394922
18.586 1.931226923
22.307 2.247009085
25.922 2.226126741
29.695 2.229632824
34.256 1.903643681
39.209 1.522944091
43.688 1.829216586
48.604 1.850280065
52.775 1.885469239
56.848 2.04463391
60.603 2.173469148
66.119 1.40296586
73.7 1.081878992
76.556 1.315570637
78.586 1.646391932
80.694 1.683546083
82.342 2.198147498
86.64 2.107057517
93.058 1.155897597
101.56 0.9409830042
105.248 1.001842203
108.751 1.001186197
112.371 1.001757912
115.716 1.000340287
119.105 1.172673679
121.249 1.87730844
122.28 2.30543915
123.492 2.292039469
134.564 0.7293483598
137.101 1.397814208
139.224 1.900834543
140.728 2.250269618
144.956 1.959449503
148.603 2.197334945
152.38 2.2497357
156.242 2.117350095
160.256 2.225949266
163.654 2.181445041
168.335 1.733914771
172.578 1.282208316
