0.482 1.43879976
0.915 1.439559637
1.936 1.421456934
4.466 1.415766327
7.032 1.473006082
9.088 1.510215154
12.742 1.463824171
15.445 1.499292774
17.595 1.523650009
19.906 1.548675391
22.265 1.550930212
24.717 1.539941353
27.108 1.53128403
32.765 1.52607281
37.701 1.526684437
42.976 1.551042425
48.471 1.560432235
53.37 1.577566211
58.813 1.529122731
64.307 1.488362639
69.588 1.466983637
76.062 1.318088651
78.519 1.498425649
80.746 1.524436974
82.961 1.552116835
85.189 1.548602994
87.902 1.547959131
89.867 1.517883007
92.384 1.464966396
94.918 1.448971777
97.421 1.465425894
102.855 1.496115225
108.315 1.509543613
114.003 1.522453555
119.7 1.537002211
125.198 1.482292526
132.895 0.9430680481
136.71 0.9461284797
140.112 1.026393792
143.588 1.088154575
146.43 1.179583519
149.392 1.327065335
151.999 1.327650997
154.974 1.276095057
157.523 1.421163731
160.356 1.333187323
162.735 1.333056048
165.176 1.332289136
169.143 1.356232041
