0.432 1.606261015
0.875 1.616488754
1.738 1.58940008
2.707 1.589079721
4.293 1.639744799
6.435 1.473617457
9.036 1.336586453
12.242 1.260268144
14.436 1.492116331
19.193 1.724811049
25.555 1.2960466
31.434 1.344401451
37.464 1.381016063
42.963 1.554951278
47.382 1.706561464
52.06 1.722564758
56.78 1.824906608
61.262 1.798277352
66.129 1.714826862
70.872 1.721148815
75.276 1.738995959
77.345 1.748584609
79.47 1.750470021
81.347 1.771037073
83.295 1.772906279
85.313 1.772624995
87.768 1.69757112
89.478 1.692813102
94.127 1.72085275
98.787 1.759912755
103.383 1.758071123
108.007 1.777364917
112.678 1.785328799
117.864 1.65164039
123.081 1.661021158
127.901 1.66556679
132.952 1.504616785
140.081 1.130299029
143.398 1.03109053
146.371 1.214107226
149.037 1.215968236
153.14 0.9493672081
156.963 0.8807260018
160.456 1.05591194
163.208 1.323607037
166.57 1.12156379
170.831 0.767326526
174.1 0.9956354297
175.445 1.80804524
