0.389 1.788983829
0.833 1.797214205
1.651 1.77055287
3.013 1.767351111
5.116 1.851001652
6.458 2.379915733
10.615 1.954047398
16.11 1.578987161
19.752 2.156734268
23.497 2.189003279
29.301 1.420119215
34.604 1.509143814
39.624 1.673813969
44.069 1.940747491
48.993 1.590147124
54.634 1.450449456
57.189 1.454015714
59.593 1.444342435
62.276 1.435688536
64.71 1.434674012
67.127 1.433832177
69.315 1.691158461
71.311 1.895114123
73.124 1.895990709
77.415 1.935766537
81.407 2.008907169
85.882 2.037207645
89.611 2.037024757
93.629 2.025513926
97.683 2.02562681
102.417 1.707284099
107.208 1.702014338
111.211 2.198550301
115.027 2.28839064
119.317 2.041416729
123.559 1.921622601
127.437 1.868859267
131.861 1.837548479
136.455 1.746369015
141.033 1.766109042
145.023 2.003793102
149.36 2.001930793
153.537 1.914340801
157.944 1.907181212
162.745 1.670697084
167.939 1.629844654
171.139 2.335067932
173.732 3.178385404
175.682 2.848666872
