0.392 1.774897342
0.836 1.78612029
1.656 1.76099523
2.519 1.758005377
4.752 1.734123624
7.179 1.258831643
8.674 1.435209662
10.96 1.753952552
16.044 1.520004568
19.858 2.150497358
24.411 1.79501303
27.897 2.308259517
31.149 2.614835059
34.502 2.569398848
37.89 2.272815405
41.534 2.270697957
50.718 0.9574861316
56.175 1.429227895
60.906 1.763895152
65.918 1.635529995
70.405 1.726334328
75.304 1.68941997
79.257 2.146849135
82.961 2.081369094
87.176 1.952494237
91.411 1.953285145
95.962 2.001065852
99.637 2.02186498
103.642 2.020359947
107.447 2.155245232
111.157 2.15528818
114.988 2.114118894
119.098 2.042613024
123.377 2.041754203
127.443 2.29338962
130.848 2.386930198
133.918 2.371607858
137.735 2.142656448
141.511 2.14462231
146.118 1.770025027
151.229 1.562942647
156.511 1.563262233
160.849 1.863273636
165.29 1.970936076
169.403 1.979481068
173.706 1.991946017
177.258 2.11626116
180.842 2.268219578
183.255 2.271168818
