4.548 0.1531331267
8.453 0.1570002642
10.077 0.3442878454
11.888 0.3345789733
13.923 0.32897557
15.498 0.3266694981
17.428 0.3247172985
19.372 0.3586562615
21.203 0.3246023647
26.69 0.2553396439
31.601 0.2801992706
50.299 0.1842608013
52.716 0.2692114723
55.946 0.2187754627
58.624 0.2093812485
60.877 0.245807834
62.735 0.3060797547
67.345 0.3214298906
69.521 0.3015541233
74.045 0.2983827128
76.252 0.305617905
78.536 0.2716359233
81.011 0.2622584444
82.797 0.3168468737
87.022 0.3303832166
95.536 0.4018316378
109.516 0.2895777187
111.473 0.2341209355
112.339 0.7053786016
113.395 0.7061599414
114.363 0.7020993375
116.392 0.7577899653
122.175 0.5825729753
129.143 0.3616196996
138.999 0.3906015821
140.905 0.3436302323
141.983 0.5235753904
142.919 0.5235838572
146.135 0.454536048
151.535 0.2842708191
152.815 0.470016231
156.417 0.412405881
177.867 0.1559393295
180.769 0.2320565312
183.233 0.2650487864
185.132 0.3375180723
187.238 0.2593700606
189.192 0.2452586531
193.939 0.2182120127
