0.524 1.323357901
1.057 1.333416991
2.114 1.30751249
3.303 1.308395906
4.583 1.309548688
6.88 1.31610181
9.461 1.32345692
12.559 1.295448043
15.382 1.146454398
19.543 0.8256843532
25.138 0.634906774
29.626 0.7764527962
32.981 1.08134887
36.165 1.302887789
38.556 1.304943994
41.248 1.304661194
44.091 1.295310108
46.841 1.254109286
49.851 1.253044667
52.693 1.235542703
59.323 1.166729105
66.139 1.203821635
70.696 1.250758934
73.409 1.254484593
76.186 1.25005817
78.92 1.245752353
82.226 1.24752968
84.555 1.257906613
87.495 1.258159596
94.212 1.22004258
100.991 1.178284514
108.687 1.054965707
115.473 1.224095219
120.202 1.261305841
123.324 1.2675417
126.18 1.269390025
128.348 1.270015312
131.158 1.271381679
133.838 1.287096251
136.603 1.286773124
139.195 1.28651595
143.146 0.9952124009
147.339 0.8390321773
152.05 0.7829768459
156.94 0.7416051902
162.009 0.7336680588
164.922 1.105949864
167.578 1.227846813
169.39 1.254936189
