0.644 1.08197742
1.251 1.09602836
3.306 1.071159464
6.681 1.067812684
9.943 1.148561434
12.554 1.176334188
15.348 1.231967031
18.041 1.502147483
20.169 1.542917957
22.33 1.604220143
24.029 2.164579998
25.661 2.507354915
29.187 2.363654469
33.283 2.130279337
35.973 2.909274633
38.762 2.905109215
41.779 2.865692847
44.51 2.835181909
47.722 2.651788441
51.722 2.049635827
54.536 2.990634359
57.315 2.988446103
60.206 2.950097223
62.926 2.902000496
65.815 2.897788026
68.541 2.972938552
71.489 3.089717836
73.982 3.089859372
76.828 2.919123011
79.947 2.826489095
82.821 2.795283069
86.511 2.2186213
90.387 2.157804068
94.356 2.210485449
97.977 2.407223036
101.322 2.408557473
104.727 2.152173376
108.541 2.142656448
112.54 2.123962315
116.383 2.114092391
120.34 2.047206004
124.528 1.973248443
129.561 1.59451053
135.087 1.510113481
139.38 1.895914585
144.39 1.678291533
148.232 1.962537589
151.946 2.326142771
154.295 2.331746561
