1.421 0.4900260053
2.721 0.4933529189
3.927 0.4816841985
5.255 0.4778119552
6.559 0.5020205231
7.487 0.5546053581
8.52 0.5806553729
12.837 0.6298848099
18.008 0.6256882287
23.656 0.6162694855
29.403 0.6164339089
34.628 0.6691196156
40.394 0.6230237517
46.33 0.664582825
51.765 0.5737148179
57.412 0.6161615401
59.731 0.6145442434
62.273 0.570197866
65.036 0.5598050872
67.5 0.5518313114
70.02 0.6042623559
75.341 0.6827678567
80.657 0.6886052465
85.706 0.6531988883
91.546 0.5849659246
97.401 0.5851293826
103.531 0.6680964752
104.226 0.6995898004
105.263 0.6156860639
107.787 0.6078127852
109.783 0.6829549898
111.969 0.6961464618
122.127 0.3261462139
130.343 0.4760272389
131.811 0.4915528339
133.226 0.5412410666
134.239 0.5451480958
135.183 0.5491397359
136.415 0.462963098
139.828 0.4433167868
147.573 0.429011499
155.092 0.5119724329
161.994 0.4885960315
168.444 0.5752356091
172.918 0.5358020315
174.255 0.4896232562
175.409 0.4829818315
177.96 0.5239317278
179.563 0.6218543509
