0.94 0.7431163597
1.804 0.7486455031
2.621 0.7485164524
3.499 0.7498734966
5.715 0.735991546
9.898 0.7333631549
14.694 0.7215505275
20.244 0.7288690483
24.714 0.7230999133
29.5 0.7274432875
34.434 0.7273817515
39.218 0.7280798036
44.078 0.7419324349
46.397 0.7127697192
48.339 0.6945934262
50.349 0.709472655
52.318 0.710515949
54.338 0.7270919329
59.472 0.7286646099
64.24 0.7295210739
68.861 0.7321090125
73.753 0.7363987412
78.767 0.7288900473
83.236 0.7383342566
87.896 0.731047369
92.704 0.7209585183
98.705 0.704162172
102.616 0.7449093046
107.679 0.7305606699
112.661 0.7359436943
117.115 0.7402253834
119.251 0.7357002381
121.114 0.7693806636
123.224 0.7697286655
128.489 0.7390720485
133.589 0.7354697968
137.469 0.7249953722
142.52 0.6996421022
147.274 0.7278024884
152.039 0.7355332985
156.555 0.7216118841
161.92 0.7208657039
162.751 0.7501808541
163.698 0.7418288647
165.876 0.7239470978
167.963 0.7201635253
172.281 0.7270644518
176.687 0.7228930491
179.787 0.7286593838
