0.61 1.14229035
1.222 1.159725399
1.775 1.143338317
2.317 1.158622176
3.733 1.171279584
5.561 1.710479046
8.401 1.211146301
12.309 1.040527378
14.936 1.259824988
17.244 1.523002904
19.717 1.452949583
22.096 1.495403172
27.627 1.519117669
33.536 1.453727208
38.424 1.551129166
43.175 1.718497745
47.77 1.867727882
51.851 1.896203346
56.003 2.019638385
59.129 2.657262214
61.622 3.413063144
64.151 3.316550796
66.672 3.356304761
69.056 3.239557435
72.072 2.744295206
75.199 2.535034039
80.252 1.802700028
85.282 1.477407079
89.111 2.145949889
93.227 2.10453358
96.65 2.354804072
99.708 2.664861675
102.37 3.183603893
105.016 3.261483132
107.751 3.249113303
111.52 2.149523933
116.18 1.564616841
124.427 0.9850565097
128.463 2.114343945
132.76 1.880078396
137.31 1.74518162
141.212 2.137815598
145.503 1.884179309
150.299 1.762228925
155.411 1.583346936
162.292 1.233753661
170.101 0.9499612214
177.926 1.066367964
182.948 1.083442581
