1.337 0.5217869501
2.545 0.5265723147
3.633 0.5249434253
4.84 0.5260713975
6.101 0.5222911112
8.537 0.5190303233
11.178 0.5176418401
17.578 0.6238556523
20.143 1.254841503
24.644 0.768386637
29.307 0.762941226
35.463 0.5667679853
41.343 0.6062925234
47.913 0.5951288928
51.761 0.8189117993
57.312 0.6476552741
64.189 0.5328661618
65.231 0.6224873742
66.298 0.6368223722
68.117 0.7696337582
70.314 0.6904611646
72.731 0.6461621512
77.894 0.7102005589
82.409 0.7428887517
89.879 0.4661115586
95.692 0.5890159264
99.876 0.9885386997
103.839 0.7402169626
108.876 0.7315946216
113.564 0.7832702418
118.497 0.6668409704
119.513 0.6641724081
120.436 0.6656552258
121.454 0.657247884
123.762 0.6681175696
125.846 0.6754205407
128.793 0.9467467501
132.478 0.980953664
136.395 0.8726864849
141.161 0.7479299271
145.287 0.7849391807
151.362 0.6431610506
154.691 1.013078496
157.605 1.299904509
161.378 1.028581593
167.167 0.6378441182
171.355 0.7483710148
176.039 0.6829065572
180.874 0.470733672
