3.822 0.1825690841
7.184 0.1834240805
10.186 0.1824689353
13.062 0.2121660425
14.117 0.6190904821
16.752 0.4724665981
18.183 0.4293701628
19.745 0.4319687638
21.312 0.3831772275
22.818 0.3807371291
30.525 0.4630807653
37.056 0.5320408543
41.893 0.7389746682
47.39 0.7192621209
50.22 1.132757166
52.605 1.49428558
55.227 1.435441461
59.145 0.8592971034
64.675 0.6987308793
67.97 1.059853257
70.801 1.190399794
73.559 1.344861441
76.233 1.375369302
78.333 1.609714884
80.403 1.678470065
82.291 1.890998942
86.283 2.300141001
89.337 2.501816558
92.031 3.027073805
95.427 2.426843818
98.999 2.250310905
102.278 2.518680738
106.506 1.941869422
110.685 2.087861563
113.834 3.028989889
116.61 2.948145579
119.222 2.846118478
121.588 3.498827524
124.752 2.606649317
127.973 2.523810582
130.46 3.194642037
133.483 2.731373812
136.303 2.926520995
139.578 2.770822519
142.691 2.563758645
146.07 2.561684103
148.775 2.735190183
151.498 2.97988401
153.274 3.206677321
