1.09 0.6361579373
2.136 0.6401581569
3.047 0.6390896
4.129 0.5822280623
5.298 0.5735347674
10.535 0.5856239187
16.329 0.5912230757
22.1 0.6959490631
26.773 0.6984234521
31.709 0.6964438603
36.989 0.6774799802
42.187 0.6744090987
43.202 0.6856865597
44.29 0.6973895616
46.242 0.694208823
48.334 0.6831431783
50.433 0.6707469403
57.322 0.4854199344
71.804 0.2567025547
72.884 0.5574764414
74.17 0.5574912164
75.16 0.6380491633
76.177 0.6431971341
78.899 0.4789570365
82.129 0.4347881759
85.285 0.4655078057
93.422 0.4956151327
102.252 0.3251356499
104.036 0.3429511809
105.742 0.3942642632
106.987 0.5109518739
110.148 0.5085578148
115.983 0.5736399867
121.947 0.6510668407
128.211 0.6371566041
133.269 0.7103242585
135.866 0.7188943593
140.855 0.7094521622
146.204 0.6408636246
151.74 0.6406477332
153.88 0.6898541089
154.783 0.7041534619
155.592 0.7097637515
158.076 0.6960936951
163.459 0.6702594823
169.299 0.633529876
174.273 0.6388306637
179.074 0.6643172038
182.279 0.7066978858
