0.666 1.048427732
1.266 1.057957905
1.812 1.05521082
3.294 1.03887973
3.996 1.049994566
7.004 1.034961618
10.362 1.037645675
13.883 1.138752682
15.118 2.613047215
16.583 2.466866823
20.526 2.062959604
24.189 2.185074949
28.001 2.224804166
32.581 1.892152874
37.023 1.729911911
41.841 1.693060054
46.945 1.6925356
50.808 2.016494214
55.054 2.089104956
57.733 3.052615915
60.233 3.127468825
62.933 3.081728395
65.786 2.968111466
68.727 2.692365899
71.878 2.648678277
74.785 2.719000051
77.455 3.49441029
79.795 3.498009608
82.943 2.614426931
88.143 1.568863953
93.225 1.569242562
98.397 1.569906721
104.426 1.37832335
110.524 1.415063718
116.585 1.437400761
122.163 1.463253907
127.268 1.468416874
132.717 1.477858138
137.6 1.658430249
141.573 2.067550601
144.024 3.242185284
148.436 1.875337431
153.396 1.616720017
158.575 1.629027094
163.348 1.669285724
169.675 1.375961394
175.938 1.172789746
183.2 1.115486778
184.972 1.34187454
