3.717 0.1878954952
7.002 0.1889950927
10.004 0.1882123496
12.302 0.2806565368
13.392 0.6352631697
14.489 0.4908576158
16.057 0.4069975562
17.643 0.432257513
18.961 0.461389534
26.349 0.4662381679
31.922 0.6390853195
39.486 0.4578706614
48.573 0.3900712447
50.382 0.386141218
52.161 0.3087970043
53.568 0.3966659958
56.501 0.4729262254
59.611 0.4675737809
63.165 0.4406176139
70.359 0.4827260829
78.399 0.4173740028
79.841 0.5241118127
80.839 0.6737578819
83.506 0.4972065659
87.254 0.3909792037
90.98 0.3895065313
99.711 0.4623681183
105.966 0.47430653
109.224 0.4679021476
110.558 0.457750251
112.553 0.3398437884
114.25 0.3707595341
117.133 0.4925358491
121.8 0.3520423401
130.84 0.4312506281
136.939 0.5860679035
143.368 0.4405333375
144.368 0.500300844
145.527 0.4968279913
146.958 0.4919875276
150.156 0.4136460267
153.935 0.3888590526
158.128 0.3557068397
167.64 0.3863119925
178.462 0.3336876487
180.05 0.3993171559
181.432 0.4027383933
182.66 0.4000767855
183.996 0.3910158994
