0.699 0.9959291419
1.401 1.009952834
2.038 1.010133853
5.953 0.9066228872
10.989 0.7476419255
14.925 0.7843260064
19.2 0.8065607907
24.177 0.8133276886
25.912 0.8282639202
26.646 0.8372520363
27.359 0.8282496047
29.291 0.8088868665
33.85 0.7964616166
38.848 0.7835863756
42.619 0.8280083541
47.537 0.7147935602
52.382 0.7560514844
57.396 0.6630197413
62.106 0.8026932408
66.752 0.7593467973
71.287 0.7757786729
76.233 0.7394638764
82.235 0.6096709844
93.647 0.2894449053
94.435 0.7699201027
95.266 0.7779827587
96.202 0.7768172816
97.662 0.7720523246
100.035 0.6475358852
102.314 0.6833711635
106.235 0.8522689423
110.965 0.7656308043
115.418 0.7500842751
120.535 0.7691352832
125.438 0.7937953533
129.846 0.8127622245
133.157 0.8392085089
137.748 0.7723924978
142.782 0.7093210401
147.547 0.7341293113
151.609 0.8039105205
156.765 0.7567802119
161.481 0.7084799967
166.591 0.7162581783
171.441 0.7573505234
176.236 0.7760640036
180.602 0.7231509291
184.959 0.7781016383
187.845 0.7907389905
