2.049 0.3406729911
3.173 0.5741100931
3.782 0.9191147251
4.211 1.452644387
5.392 1.422734587
6.816 2.293806388
9.157 1.4963118
13.169 0.9978849708
15.809 1.223857762
18.428 1.351090017
20.898 1.467588874
25.746 1.652659181
31.743 1.384972462
37.865 1.398710925
43.037 1.456341304
48.96 1.369799999
54.483 1.557008984
59.455 1.581474302
64.584 1.628291148
69.753 1.65339543
74.443 1.638712607
76.842 1.526911872
79.27 1.527669425
81.433 1.533061794
84.007 1.338739651
87.074 1.139972975
90.415 1.215716537
92.344 1.540265771
94.765 1.537810029
97.239 1.622563389
102.077 1.650637545
107.93 1.397455886
113.917 1.381594502
119.654 1.507612196
125.891 1.389247022
131.027 1.589859209
135.948 1.476920633
141.562 1.440285474
148.734 1.14551121
150.539 1.270532581
151.503 1.44892695
152.605 1.446131037
153.671 1.443227647
156.234 1.436492413
159.325 1.184303109
162.647 1.131990476
165.453 1.131462439
170.089 0.6891854704
171.554 1.661082577
