0.447 1.558147206
0.889 1.555653156
1.347 1.566924501
2.345 1.537542
3.407 1.540103034
5.461 1.53195604
7.711 1.532392112
10.393 1.530709852
16.86 1.205363862
27.378 0.7734534208
33.162 0.6221385829
42.972 0.3510090557
43.814 0.7616798472
44.904 0.6831425838
46.129 0.4810162016
47.617 0.9942974435
48.83 1.205898138
50.068 1.206340355
52.977 1.284589847
54.773 1.948975756
66.994 0.6237967088
73.902 0.5253768928
76.744 0.9070734118
79.515 1.206092013
84.901 0.6326051949
89.873 0.6947958999
100.363 0.3904231522
103.638 0.3233195651
110.291 0.2300127469
111.336 0.615244788
114.102 0.2196364769
117.533 0.1820951396
123.246 0.2498007312
125.484 0.2892265903
126.762 0.5648071089
127.874 0.5741543747
128.957 0.4832606022
131.811 0.4871042557
143.913 0.2823654767
146.214 0.2618084731
148.475 0.2634700845
162.307 0.2777893412
165.367 0.1893864709
168.072 0.2507590528
169.099 0.6438076222
170.153 0.6457504116
172.99 0.4463214654
179.432 0.5016251161
188.486 0.2489674456
