0.917 0.7606702895
1.783 0.7675105754
2.54 0.7306445708
3.645 0.5735639542
4.816 0.5660585227
7.524 0.4585705217
10.674 1.10179845
18.871 0.483945441
22.817 0.81276949
26.687 0.901682356
30.905 0.8563931155
35.233 0.8111504729
39.536 0.8369660809
43.96 0.8887148381
47.496 0.9297775585
51.23 0.9520011819
55.479 0.8647861615
59.759 0.7784841906
65.679 0.6281290756
71.325 0.6146769692
75.441 0.8291134566
79.206 0.9642127344
83.04 0.9681949002
86.846 0.9185378718
90.617 0.9049459304
94.375 0.922969081
98.721 0.9315120429
101.786 0.9521359309
106.712 0.7395191086
112.208 0.6751626303
115.904 0.9074997788
119.688 0.9689492466
123.784 0.8720847373
128.508 0.8397427743
133.179 0.8382534721
137.346 0.8515966068
140.34 0.929863749
143.925 0.9966354811
147.715 0.9142317436
152.23 0.7852585532
155.951 0.8820808252
157.448 1.002259002
158.049 1.026863526
160.582 0.961898172
164.767 0.8614153502
169.957 0.7113794089
173.263 0.9528288375
177.448 0.7624604574
180.474 0.7568847218
