0.651 1.063263974
1.256 1.079669727
1.806 1.068211364
3.268 1.056631761
4.569 1.220783426
7.497 1.036041202
10.537 1.15230854
13.743 1.261477227
16.339 1.255338077
19.498 1.101893835
23.337 0.9399829786
27.149 0.9158642081
30.792 0.9851617534
35.351 0.9083989085
38.162 1.113362053
40.942 1.258749363
43.5 1.444668887
45.081 2.23510522
48.848 2.209232681
52.483 2.243992902
55.933 2.28119043
59.533 2.296652622
63.401 2.177971091
67.418 1.944562992
73.186 1.433067475
77.439 1.896517352
82.133 2.009640559
85.964 1.954002703
89.745 2.126409906
93.889 1.972033548
98.819 1.635525591
102.479 2.237886639
106.14 2.243332223
110.111 2.179335898
114.598 1.955388917
119.382 1.779677258
123.469 1.803715903
127.734 1.891056638
131.759 2.009938509
135.613 2.097979729
139.405 2.121408223
143.615 1.979015365
147.757 1.949809072
151.832 2.052282517
155.677 2.210309816
159.375 2.277518
162.652 2.247997602
166.22 2.281778533
168.689 2.239691048
