0.438 1.583690603
0.88 1.589843335
1.748 1.56650356
2.719 1.568055513
3.792 1.566901142
5.829 1.560028533
8.109 1.533787733
11.033 1.40129282
17.807 1.143185254
26.705 0.9197157285
29.868 1.145036586
32.046 1.598365358
34.17 1.712179518
36.656 1.71116066
38.152 2.117934051
39.833 2.1131497
44.406 1.978359847
48.929 1.73357355
53.723 1.754156083
57.709 2.057521063
60.336 2.997723971
62.606 3.678191955
64.972 3.646611792
67.273 3.352399162
70.99 2.207950866
73.655 3.322325052
81.268 1.178826067
86.645 1.378043612
89.426 2.920196613
91.76 3.569774254
93.993 3.590834167
96.358 3.544478838
98.89 3.275733909
102.46 2.462636945
113.33 0.8076166475
124.396 0.7275553136
129.613 1.403756882
135.115 1.477858138
141.071 1.35540423
143.541 3.275672084
146.299 2.912308281
149.102 3.012916978
151.332 3.709035303
153.861 3.649107111
156.394 3.1755998
160.82 1.938346913
165.377 1.634495232
169.276 2.073431968
170.96 3.226076458
