0.369 1.88892706
0.719 1.8973868
2.567 1.862521348
4.474 1.862370727
6.502 1.862157865
8.21 1.863448717
10.118 1.862941295
12.33 1.861557003
15.665 2.351775755
19.418 2.174256558
23.13 2.232120013
26.801 2.177166827
30.493 2.293087776
34.138 2.398299747
37.38 2.351633089
40.915 2.282999999
44.796 2.368420228
48.789 1.973888565
53.602 1.7623898
57.131 2.344323385
60.497 2.306151784
64.137 2.294049446
67.87 2.257711017
71.227 2.291513351
74.808 2.324025997
78.804 2.114696232
83.23 2.06219538
87.004 1.9868164
90.992 2.044814471
94.829 2.164517597
98.504 2.186463419
102.156 2.25303308
105.819 2.256374852
109.565 2.327208758
113.455 2.348606661
117.066 2.241983074
120.566 2.065638201
124.4 2.107605076
127.983 2.284099905
131.503 2.285374426
135.395 2.071538881
139.452 2.06134883
143.024 2.246109028
146.955 2.258353019
150.597 2.203531615
154.531 2.187490456
157.939 2.190616282
161.703 2.170562683
164.34 2.106955505
