1.085 0.6409818837
2.131 0.6465955015
3.033 0.6462347011
4.025 0.6459804088
5.079 0.6412941492
9.154 0.7423155203
12.055 1.18765792
15.106 1.319718732
17.502 1.387681242
19.691 1.635872224
21.986 1.606524218
26.017 0.8750025742
30.769 0.7583878701
35.891 0.7898473607
39.737 0.8231022987
44.003 0.8214995845
47.114 1.202200221
48.675 2.247302247
55.067 1.299201163
59.982 1.647284317
65.147 1.507498385
69.092 2.088674018
73.844 1.782787987
77.25 2.277783493
81.229 2.076082438
85.513 1.863569764
91.686 1.514145495
97.687 1.250481785
103.285 1.452618842
107.402 2.015988215
111.598 1.924194857
116.383 1.711861003
121.52 1.627076456
124.253 1.459840926
126.936 1.456149584
129.423 1.459323695
131.322 1.502206478
133.564 1.62231138
135.695 1.623398058
137.946 1.622794047
139.982 1.621702685
144.23 1.927380714
147.948 2.170744534
152.309 1.920940257
156.978 1.731449705
161.885 1.715150563
166.357 1.68004427
171.271 1.650038697
175.269 1.349368518
