0.392 1.770251014
0.839 1.775162497
1.202 1.793858395
2.12 1.755835
4.705 1.487186646
7.533 1.096267292
11.41 0.8884721346
15.662 0.9523513495
18.652 1.080095104
22.905 0.8120741716
26.709 0.9481412253
30.765 0.8656798679
35.629 0.7628228868
40.052 0.8917985121
43.22 0.9861822636
46.604 1.044363827
51.197 0.8044252482
55.229 0.8443221667
59.871 0.8079892156
64.537 0.7455075413
68.3 0.9024364154
73.269 0.7624729455
77.833 0.799803828
82.74 0.6765759605
86.292 0.9620263333
89.845 0.984158912
93.71 1.055779139
95.939 1.325294468
99.647 0.997097547
103.603 0.9369319309
107.459 0.9154266576
111.457 0.9026773556
115.226 0.8895217194
119.824 0.8559814098
124.743 0.7909985614
129.095 0.823629559
131.996 0.9781683594
135.143 1.153738959
138.504 1.027329713
142.579 0.9179049861
145.97 0.952889462
149.788 1.011315307
153.612 0.8931339541
157.876 0.8727617119
161.961 0.8831693402
165.169 1.158925528
167.419 1.402007223
169.131 1.942134009
171.56 1.032211184
