2.991 0.2327033336
5.676 0.2345776141
8.018 0.2342273455
10.642 0.2378249551
12.995 0.2763394788
14.855 0.2792810573
16.205 0.4635801432
17.577 0.525737593
18.726 0.5171478633
24.409 0.6123838015
27.783 1.071672807
31.662 0.8868269333
36.69 0.7100712235
45.868 0.4264651513
56.509 0.2899600413
58.116 0.3550557602
59.763 0.3551584113
61.056 0.4684269538
62.289 0.5353963547
64.944 0.5236969973
69.753 0.4764270077
73.33 0.4282940605
76.151 0.5515690274
80.541 0.7561916433
83.06 1.364442577
88.82 0.5912897201
95.944 0.5719180623
101.392 0.5253775386
110.397 0.4093751554
111.085 0.9846102203
112.498 0.9662401632
114.204 0.9406552633
116.845 1.305360779
118.898 1.254476391
129.266 0.3726025636
136.916 0.4651123076
138.865 1.466459001
140.439 2.278860372
142.161 2.045953242
148.531 0.5476929909
152.858 0.7909667048
157.451 0.84257651
162.191 0.7066575401
168.672 0.5716052171
175.341 0.5408006314
179.281 0.6181615087
180.548 0.4213161116
181.712 0.4175208918
184.15 0.4137588054
