2.23 0.3122049341
4.21 0.3150261153
6.03 0.3139522839
11.611 0.1063366684
19.106 0.08521823009
23.619 0.1137410989
28.907 0.1139495556
34.813 0.1150840433
39.769 0.1199632535
44.294 0.1206392535
49.853 0.1008785847
56.081 0.09947178189
61.456 0.117284951
64.891 0.2042750732
67.622 0.2069688305
70.535 0.1906878416
73.628 0.1844516559
76.734 0.1948656128
80.016 0.1992777491
82.929 0.1927990636
88.02 0.1248362622
92.978 0.1249745008
97.33 0.1474965852
100.332 0.1835871452
103.516 0.1818971519
105.711 0.2928876268
107.556 0.3977706362
108.686 0.4010257731
110.051 0.4753383256
113.908 0.3972664364
121.457 0.4391523666
130.987 0.3764425871
132.273 0.4774190915
133.63 0.4727482836
143.579 0.3886129782
145.381 0.3460290472
146.885 0.3445059747
148.399 0.3460445448
153.132 0.3079981625
157.517 0.3430577024
159.159 0.4125854622
163.291 0.3556000983
172.735 0.3554623059
174.852 0.3230545056
176.851 0.3306409555
178.732 0.3377095176
182.573 0.3483453814
185.603 0.4004001895
189.185 0.6497992229
