0.386 1.808117346
1.794 1.775803968
3.762 1.764864823
6.629 1.232324826
9.654 1.261932032
12.252 1.175869968
15.396 1.099281287
17.424 2.057714809
20.05 1.251376457
22.924 1.211886803
25.342 1.503568472
27.335 1.966864576
28.948 2.288468661
30.331 2.91401736
33.896 2.139197063
40.328 1.269459489
43.714 2.579297135
46.381 2.975014182
52.045 1.492379584
55.663 2.257887595
59.265 2.133644367
63.108 2.13100829
66.217 2.930220681
69.323 2.520968601
72.285 2.826299858
76.068 2.140710811
81.037 1.809288576
83.845 2.681040259
86.75 2.796764561
90.016 2.510084485
94.054 1.994502916
98.046 2.133882292
101.731 2.250145214
105.486 2.315173655
108.702 2.774452924
111.648 2.811965371
113.43 4.149280221
115.644 3.736119381
119.985 1.855797795
123.687 2.234830031
129.273 1.487641541
136.626 1.113128368
140.927 1.876117691
147.289 1.316472135
151.22 2.075648084
154.377 2.723668039
160.868 1.129918249
164.798 2.078809125
166.873 2.71799408
