0.56 1.240799793
1.082 1.249898432
1.53 1.247527421
2.077 1.248709429
5.252 1.183010947
9.059 0.7962732492
18.313 0.3668661216
25.298 0.5745178109
26.393 0.588235345
27.411 0.5920157419
28.431 0.5908118681
31.91 0.4480987905
36.713 0.3096509518
39.019 0.3117932819
43.22 0.3104856697
45.837 0.5548625245
53.722 0.4621826298
64.117 0.3206994154
65.39 0.5358627278
66.354 0.6414049631
67.328 0.6538247042
68.51 0.6580776123
71.013 0.6285753004
77.626 0.5010978681
85.418 0.4454134457
92.743 0.4686731731
98.712 0.6802395571
101.44 1.074781489
106.645 0.7056292898
111.49 0.7615766472
114.882 0.9987240111
116.323 1.05832074
117.9 0.9276147178
120.775 0.9077365583
126.347 0.6907815491
131.548 0.6860361098
135.464 0.70777413
138.476 1.185874351
141.264 1.229059911
144.605 1.052103253
149.763 0.6350701248
156.469 0.5748882249
159.398 0.4844435819
162.963 0.4766817058
168.596 0.6411072906
173.358 0.7899942182
176.982 0.8684721529
179.428 1.304142183
181.223 1.304927789
