0.222 3.145283197
0.49 3.162311333
1.664 3.08601127
2.831 3.080265337
5.603 3.080928882
8.757 2.36714627
12.128 2.420166665
15.751 2.402322541
19.071 2.342409001
23.386 1.887848874
27.616 1.967089705
31.843 1.891723087
38.038 1.384739105
41.845 2.267845607
45.164 2.288153423
49.098 2.059280092
53.088 2.195061634
56.996 2.025558308
61.985 1.694772465
65.415 2.425846575
69.135 2.093609098
73.758 1.857664179
77.355 2.332925556
80.772 2.261523289
85.659 1.679556265
88.797 2.53421364
92.868 2.251325477
97.005 1.79216373
100.919 2.085635563
104.798 2.12340832
109.175 1.92986398
113.145 2.031855367
117.443 1.92489985
121.728 2.01706142
125.166 2.554808734
128.374 2.520459479
131.706 2.163256971
135.623 2.094342747
139.432 2.133668594
143.755 1.969605939
148.069 1.842774014
151.713 2.257176969
155.112 2.38814739
159.704 1.837551266
163.135 2.378594012
167.46 1.966167892
170.891 2.158849428
174.687 2.18119401
177.43 2.194528553
