0.499 1.400074301
1.025 1.401217854
1.479 1.40980741
3.185 1.379085501
4.428 1.382892878
6.682 1.37564843
9.217 1.345664348
12.251 1.342627396
14.221 1.661728297
16.312 1.69882183
21.229 1.679422245
26.145 1.618791812
31.736 1.487767304
36.667 1.742557094
40.617 1.910701885
45.633 1.627664362
50.397 1.816344453
54.469 1.934022095
59.079 1.886779579
63.756 1.731924574
67.595 2.00402519
72.259 1.780057277
77.248 1.67475118
81.912 1.653597499
86.994 1.633023688
91.755 1.686564753
96.132 2.061241323
99.963 2.05817232
104.027 1.976603084
108.182 1.975905975
112.502 1.875080151
116.94 1.846372845
121.223 1.934953933
125.583 1.991092699
130.023 1.989837123
134.112 1.991691756
138.276 1.842340366
143.231 1.624862335
145.387 1.630446096
147.638 1.627371745
149.256 2.065415645
151.157 2.062011199
155.043 2.059714803
159.639 1.822941759
164.371 1.697244557
169.57 1.683023876
173.97 1.674260321
178.774 1.683656372
181.92 1.71690418
