0.463 1.499414384
0.9 1.507038994
1.897 1.482838029
2.977 1.476870561
4.045 1.484832605
6.134 1.476538404
9.164 1.140988436
13.572 0.9061886721
17.513 0.8167454479
21.916 0.7933121312
26.17 0.8437839
29.553 1.023855397
32.091 1.421862442
34.044 2.352193391
35.081 3.134542395
37.614 3.192376793
41.72 2.123900035
45.688 1.973888565
50.972 1.599907223
54.949 2.038179529
58.907 1.946444169
63.934 1.645133203
66.725 3.041303762
69.978 2.55056736
74.163 1.958134567
78.43 1.854741863
84.81 1.415527599
90.096 1.415266477
95.954 1.383759949
103.952 1.014344877
110.892 1.144987034
116.084 1.09878795
118.636 1.369434228
120.305 2.409925133
121.767 2.804238103
125.931 1.933268798
130.394 1.629229126
135.972 1.463239281
143.024 1.133244885
147.909 1.133916365
149.835 1.166952868
152.578 1.432253459
154.919 1.431418769
157.544 1.432516357
160.188 1.386905507
163.006 1.358472765
165.388 1.359447391
167.835 1.358153248
169.5 1.408925829
