0.851 0.8206746206
1.623 0.8290873551
2.354 0.8283740994
3.126 0.8282986617
3.968 0.8237762242
7.702 0.8114527501
11.457 0.9271119907
16.043 0.8721289608
20.293 0.7631078469
23.117 1.26135157
25.824 1.340412844
28.945 1.126984821
32.698 0.9562729483
36.965 0.9742848036
40.093 0.9932332905
43.919 0.9288256054
47.878 0.9317908421
51.816 0.8464915454
54.837 0.8181742764
58.815 0.8830748542
61.881 1.119289175
65.15 1.099697904
68.706 1.091457058
71.454 1.233077006
74.573 1.091910895
77.893 1.029248661
81.911 1.029452512
84.66 1.067055099
88.05 1.086626726
91.456 1.086403562
94.842 0.9776855877
98.91 0.9340252669
102.765 0.8795404444
107.161 0.887545601
111.412 0.9104408537
113.861 1.495371725
120.201 1.136544845
126.954 1.204981632
134.2 1.104850664
140.761 1.238797776
147.538 1.16691656
151.568 0.9654744765
155.841 0.7830302671
161.296 0.6752719228
166.582 0.6937224747
171.248 0.791020629
174.452 0.9869127819
177.635 1.011307173
179.844 1.048240817
