1.283 0.5444733393
2.388 0.5495754738
3.492 0.5487541502
4.692 0.5485317513
7.682 0.5401772815
9.549 0.6561164054
13.377 0.9008285269
17.321 1.010668534
19.94 1.256332404
21.814 1.887475004
24.079 1.609482826
25.951 1.871919934
27.456 2.428933289
30.905 2.492226091
33.652 2.818050683
36.217 3.188562722
39.802 2.436863846
43.15 2.363672175
45.495 3.605552595
48.079 3.241323081
50.971 2.648251089
54.455 2.4856311
57.94 2.406997472
61.24 2.351760377
65.956 1.751149836
69.68 2.13603932
73.132 2.600159393
77.608 1.667877706
81.187 2.281613388
85.426 1.955268628
91.852 1.277687905
95.3 2.353934974
98.724 2.456306801
102.312 2.426803997
106.242 2.238372189
110.015 2.151263499
113.862 1.903227948
119.054 1.554051213
122.323 2.469585305
125.058 3.245045882
129.159 1.935071848
136.935 1.051888296
144.374 1.073269938
149.368 1.664840719
152.971 2.223366499
156.253 2.574311011
158.851 2.867434048
161.646 2.925506565
164.291 2.231257065
