0.56 1.25228868
1.078 1.258049943
1.53 1.253539601
3.485 1.230614057
6.643 1.225638449
8.753 1.461331289
10.855 1.646235514
13.285 1.661600375
15.424 1.575094002
17.703 1.550794928
20.08 1.5433981
22.492 1.435033658
28.601 1.372941295
34.763 1.39940473
39.811 1.493668434
45.631 1.4014495
51.257 1.536780791
56.205 1.565636934
61.52 1.58608314
66.605 1.607348152
71.701 1.581333758
77.008 1.558663938
82.429 1.555283704
84.543 1.603364924
86.7 1.6004578
88.895 1.618520708
91.463 1.631854227
93.307 1.571156895
95.725 1.561703495
99.417 1.612704854
104.621 1.538527303
109.941 1.528459021
115.239 1.558322364
120.705 1.578097961
126.194 1.594679054
131.327 1.59017623
136.05 1.541314755
141.403 1.508559629
144.895 1.570922176
147.17 1.606972935
149.201 1.607011871
151.725 1.581359895
153.878 1.597943492
156.16 1.610148385
158.415 1.617008597
160.855 1.556426615
165.818 1.488117548
171.484 1.438343439
175.216 1.480073379
