0.759 0.91879876
1.45 0.927408612
2.087 0.9256564669
2.847 0.9250439454
7.017 0.906492985
10.677 0.8376875171
14.979 0.7915858665
20.274 0.7517894586
25.421 0.6226181196
37.039 0.2967562184
38.075 0.5928033687
39.09 0.7504079256
40.023 0.7502116437
42.312 0.7422365427
44.181 0.7135692284
49.43 0.660486298
54.048 0.7949990846
57.336 1.027618557
62.119 0.7816865879
66.775 0.754676973
71.347 0.7335664292
76.382 0.717223239
81.236 0.7498369083
85.512 0.8122967939
89.835 0.7930093612
94.216 0.7851258422
99.477 0.7778885533
102.974 0.8188811345
104.808 0.8352958698
106.71 0.8355295213
109.553 0.7788759061
114.469 0.7333670811
119.147 0.7429744716
124.394 0.7451742188
129.8 0.7242064627
134.531 0.7627922681
138.087 0.7843455864
143.205 0.7016105487
147.824 0.7520949613
151.859 0.8792023629
156.125 0.7611758253
161.429 0.7605543004
163.242 0.8084435242
164.11 0.8164842536
166.064 0.8083287313
169.119 0.7934517963
173.477 0.7280923469
177.7 0.7547828407
180.511 0.8299224054
