0.338 2.067999656
1.139 2.037963947
1.845 2.045293833
3.041 2.036840819
3.859 2.038431978
5.372 2.033893856
8.89 2.305450348
12.679 2.322419774
16.164 2.280913776
19.873 2.201545999
23.419 2.302688319
26.972 2.256964861
30.648 2.25967187
35.574 1.739691635
39.148 2.226680644
42.831 2.211124274
46.86 2.157254088
50.459 2.157932822
54.632 2.006393246
58.356 2.201502367
61.904 2.171505258
65.646 2.225316244
69.449 2.210008644
73.102 2.235589915
76.794 2.270190061
80.558 2.150115361
84.715 2.171763646
88.094 2.234336323
91.768 2.231594882
95.381 2.254857407
99.039 2.228618086
102.784 2.174538732
106.786 2.211075954
110.735 2.223777257
114.678 2.219849327
118.387 2.228201674
121.726 2.221123254
125.48 2.175925698
129.419 2.084908634
133.217 2.154605363
136.959 2.14931384
140.96 2.161126885
144.61 2.193061163
148.432 2.218296234
152.081 2.212784967
155.985 2.213566501
159.377 2.234911832
163.009 2.225399219
165.596 2.146821411
