0.524 1.328557735
1.051 1.339590217
2.12 1.308823937
4.748 1.371576071
6.312 2.461856779
7.525 2.662783287
10.874 2.459476758
16.227 1.601548361
20.57 1.796856164
25.116 1.793435449
28.592 2.389813387
32.9 1.865549438
37.31 1.91215137
42.295 1.732923793
46.411 1.957328827
50.49 2.012184216
55.446 1.76113299
59.346 1.998607232
63.037 2.276824971
68.201 1.576704918
71.836 2.150578053
76.125 1.922969238
82.233 1.373540944
83.947 1.987545273
85.745 1.926271874
87.553 1.93553137
89.865 1.77665052
91.618 1.657007419
93.596 1.917576576
98.142 1.816299852
102.082 2.030569876
106.553 1.840418176
110.4 2.15324332
115.487 1.708707917
119.102 2.461054285
122.463 2.453009472
125.725 2.223890147
130.155 1.923849527
133.845 2.184162678
138.179 1.87038727
141.973 2.143439793
145.873 2.105684656
149.643 2.17193922
153.513 2.171607547
157.153 2.232787543
160.362 2.651082977
163.325 2.675991276
166.636 2.484006194
169.135 2.205419514
