0.237 2.952995141
0.503 2.967707558
1.058 2.906230435
1.899 2.908299297
3.287 2.898793048
6.346 2.458190358
9.822 2.35069498
12.474 3.321105548
14.821 3.302644915
17.957 2.64546429
21.444 2.35226613
25.649 1.888981459
29.614 2.105129762
33.252 2.524187237
36.409 2.404700245
40.308 2.108078198
45.449 1.690519877
50.329 1.590008617
56.361 1.389456854
61.762 1.500331892
65.665 1.96968831
70.234 1.788709787
75.303 1.720787655
80.112 1.617710915
85.325 1.591175859
90.533 1.529736305
96.553 1.500378218
101.556 1.484583313
103.776 1.674440999
105.959 1.689792505
107.935 1.689469167
110.073 1.72341264
111.659 2.123948312
113.406 2.269334333
117.302 2.264949168
121.486 1.957470249
125.572 1.803715903
129.899 1.862397584
133.933 2.024291551
137.908 2.048450826
140.909 2.702565886
144.013 2.705005689
147.154 2.765531578
150.125 2.828745814
153.0 2.8319842
157.08 2.104309631
161.26 1.802508579
165.761 1.80416115
168.111 2.319575635
