0.549 1.26635934
2.445 1.250291023
5.137 1.24761174
7.805 1.340331674
9.957 1.81298597
11.673 1.786363608
13.135 2.358681976
14.817 2.448565667
16.652 1.815821019
18.813 1.618734515
20.978 1.68960691
26.401 1.451983521
32.431 1.389421232
36.068 2.380759439
39.192 2.417167906
42.91 2.224022499
46.136 2.722774661
48.614 3.18133784
51.217 3.288344345
53.584 3.843926509
55.449 4.35048129
57.288 4.535406439
59.393 4.154460694
61.393 4.027140519
63.376 4.347456435
65.196 4.36982151
67.443 4.169745549
69.706 3.332724284
72.309 3.435748416
74.957 3.15680037
78.429 2.297000582
80.891 3.352603987
83.343 3.485896478
85.808 3.541194009
88.489 3.320757194
96.263 1.041359858
108.556 0.5835031264
117.956 0.8760499273
128.337 0.7706065215
131.779 2.368084506
136.075 1.841908455
139.322 2.611969492
141.968 3.081931716
146.108 2.01274818
149.507 2.398078854
152.215 3.207759518
154.53 3.591704687
156.91 3.48062874
158.877 2.850189409
