0.353 1.983096444
0.702 1.9818595
1.479 1.95343932
2.693 1.940503754
3.593 1.955124413
5.243 1.942408408
9.75 1.806680023
14.279 1.905735063
19.076 1.638933114
23.592 1.841740718
30.153 1.254614942
34.507 1.819963519
38.855 1.935569145
42.887 2.127067054
46.836 2.050406861
50.752 2.083935709
55.348 1.87512971
59.695 1.786951602
64.38 1.807114635
68.747 1.892045902
72.622 1.98983461
76.46 2.15770269
80.313 2.170533838
84.094 2.17546246
88.146 2.066588158
91.926 2.104466581
96.216 2.11807612
99.862 2.063382883
104.032 1.924852022
108.171 1.981255462
111.945 2.102256216
115.864 2.072977504
120.244 1.966705108
124.635 1.96623856
129.095 1.958065088
133.334 1.933268798
137.239 1.864467692
141.511 1.901862675
145.739 1.920921387
149.885 1.958972483
153.778 2.080330558
158.102 2.030951534
162.184 1.986116539
166.209 2.116482124
170.052 2.110565528
174.26 2.014516283
178.071 1.93957783
182.583 1.792060807
185.482 1.925164038
