0.41 1.690589718
0.855 1.712138976
1.221 1.705635851
2.167 1.675178269
3.127 1.676738681
5.004 1.667405987
7.132 1.668250551
10.022 1.403286834
16.538 1.191463765
23.224 1.221229921
31.737 0.9606391027
37.986 0.9191487638
40.754 1.337619927
43.275 1.6990943
44.964 1.853352841
45.957 2.321329415
47.2 3.019127506
49.856 3.007719481
53.716 2.169771735
59.391 1.440006215
65.914 1.186247556
74.701 0.9346225461
80.485 0.9890338175
83.552 1.075272509
87.474 0.8675728387
91.996 0.7669003447
94.353 1.7861598
96.993 1.096937622
99.891 1.304892535
101.901 1.922496981
103.993 1.640004648
106.837 1.402144565
109.46 1.293563805
112.497 1.2914354
115.577 1.291125866
118.339 1.291807509
121.593 2.251943002
124.46 2.901497725
128.272 2.108166579
132.768 1.791475061
138.601 1.355721038
144.709 1.355661843
150.211 1.46380325
157.563 1.138992726
164.953 1.106702311
170.719 1.467547162
176.373 1.314369769
178.845 1.298226486
180.995 1.074017231
