0.954 0.7310658242
1.815 0.7372012406
2.631 0.7347725063
3.515 0.7364999565
4.453 0.7386960552
7.385 0.6786076826
13.51 0.5654184761
21.532 0.4990056027
30.711 0.349288628
33.1 0.2357274526
35.427 0.2474648209
36.667 0.6146198248
37.705 0.6145104625
40.429 0.6246033836
42.426 0.6626538765
44.439 0.7139347472
54.614 0.3588961832
59.013 0.7681382827
63.642 0.8128156998
67.661 0.8720924512
71.386 0.9053928
75.669 0.8565872532
80.068 0.8290851563
84.242 0.7903801813
86.723 0.9116493047
90.631 0.8870124019
95.308 0.8735973544
98.651 0.873405583
102.854 0.8763543227
107.038 0.8814167801
110.799 0.8840406008
115.109 0.848119933
119.145 0.8402552025
123.963 0.8465729529
128.372 0.8779774692
136.47 0.4736453271
137.133 0.8051693915
137.806 0.7953058244
139.64 0.8215082338
142.4 0.8193910908
146.531 0.7974856612
151.495 0.7830475884
155.565 0.8786133861
159.629 0.9061615473
163.661 0.906280733
168.04 0.8455864039
171.679 0.8689606075
175.156 0.9162395893
177.702 0.8981902162
