0.635 1.099570549
1.237 1.112890334
2.525 1.091051393
3.14 1.109697631
4.626 1.089581791
7.464 1.087068405
10.45 1.151520637
13.744 1.221250554
16.303 1.272969229
19.089 1.271257473
21.942 1.281450402
24.664 1.287739637
27.43 1.298655335
30.72 1.279536996
33.196 1.283030577
39.622 1.271475464
46.685 1.221752853
53.675 1.118344747
60.317 1.250995153
66.918 1.234386002
69.716 1.231051903
72.677 1.242785564
75.805 1.241198495
77.523 1.247633006
80.293 1.249123197
83.121 1.247597229
86.434 1.245202199
88.798 1.236941503
91.845 1.235815232
94.833 1.246026193
97.5 1.259243879
103.954 1.260134906
110.451 1.266515302
117.295 1.255675821
124.234 1.258674098
130.722 1.245273859
132.998 1.246085796
135.954 1.231903349
138.764 1.231298636
141.603 1.241987694
144.255 1.259618378
147.348 1.258303204
150.055 1.249169164
153.108 1.213679687
156.35 1.213306451
159.362 1.238702362
161.868 1.259691773
168.59 1.201602157
173.421 1.135100976
