0.511 1.366133106
1.042 1.371334061
2.085 1.346643411
3.174 1.345531079
4.354 1.347590155
6.644 1.336167936
9.904 1.056855307
11.937 2.043854554
13.514 2.105002866
17.305 2.184262611
21.484 1.985446633
25.058 2.267434979
29.194 2.01087022
33.446 2.045830265
36.958 2.163393318
40.554 2.257890862
44.392 2.250750302
48.176 2.203872704
51.91 2.23010826
55.653 2.200898388
59.022 2.289450625
63.698 1.763769171
69.203 1.533634432
73.62 1.764912094
78.387 1.738796706
82.782 1.83432189
87.418 2.018746316
91.261 1.955565489
95.525 1.884199001
101.667 1.329233973
106.139 1.775544611
110.326 1.941024126
113.813 2.394249696
117.574 2.321492361
121.353 2.291552949
124.994 2.350348893
128.085 2.397888267
131.577 2.370273958
134.904 2.407414975
138.276 2.441973958
141.671 2.332098187
145.419 2.189072492
148.829 2.378073855
152.317 2.421320119
155.826 2.451633965
159.433 2.371229723
162.495 2.442166796
166.214 2.222314385
168.542 2.388134521
