0.268 2.610949372
0.886 2.580239571
1.412 2.583955377
2.058 2.58117305
4.243 2.570341964
7.298 2.415439221
11.068 2.195096461
14.972 2.204615873
18.545 2.161612377
22.387 2.136263195
26.332 2.114209908
30.117 2.107920011
34.107 2.107829338
38.363 2.136733099
41.875 2.152158153
45.624 2.15517658
49.643 2.163831083
53.293 2.137461361
57.246 2.155053742
60.989 2.17937371
64.608 2.167782677
68.469 2.15253935
72.558 2.141840933
76.153 2.146595511
79.987 2.15529703
83.796 2.12502582
88.122 2.115561785
91.69 2.10845822
95.543 2.129261086
99.353 2.151213507
103.074 2.145288207
107.081 2.114118894
111.037 2.129055895
115.116 2.123302049
119.17 2.167716502
122.917 2.150103476
126.321 2.15607224
130.133 2.144957905
133.925 2.135965331
137.74 2.140164308
141.654 2.147548248
145.502 2.142324569
149.312 2.13319652
153.272 2.138414582
156.999 2.142023822
161.022 2.137685736
164.528 2.134216565
168.38 2.126230235
170.893 2.145957499
