0.456 1.529945446
0.89 1.539103654
1.873 1.515560355
3.429 1.514539515
5.496 0.7719931496
8.997 0.8860108529
12.004 1.164660395
16.68 0.8644837365
19.027 1.369706096
21.486 1.430097805
24.65 1.152207217
26.783 1.644583151
28.954 1.643468627
31.547 1.644729082
36.07 1.673257102
40.138 1.98671985
44.907 1.812864866
50.752 1.334145162
56.983 1.340091011
62.373 1.525147267
67.356 1.534635795
74.471 1.147024723
81.732 1.176259405
84.098 1.423653269
86.561 1.423159535
88.987 1.420042189
92.398 1.219789909
95.022 1.124940817
98.332 1.124795461
101.64 1.125131525
104.26 1.276561575
107.102 1.365473092
109.62 1.367727413
112.477 1.393292461
115.232 1.402119052
117.823 1.397187748
123.823 1.208685047
129.815 1.354097853
134.405 1.766973992
140.251 1.390491704
146.372 1.293985514
152.874 1.258064265
157.846 1.600329912
160.415 1.448554125
162.976 1.447695197
166.431 1.068421546
170.084 0.8679842472
173.75 0.8675114987
176.414 0.8607077806
