0.44 1.579990391
0.877 1.581155666
1.24 1.586033337
2.226 1.559458717
3.876 1.556706441
6.381 1.207804823
9.493 1.094281307
13.218 1.095124733
16.077 1.150195547
18.919 1.21275151
22.193 1.09965294
26.333 0.8510000098
29.893 1.014095384
33.387 1.211198545
35.712 1.389172198
37.744 1.773692285
42.22 1.932570715
46.133 2.003311067
53.769 1.0927796
60.768 1.154616382
67.491 1.136665074
75.568 1.018583354
79.505 0.9739564062
82.961 0.974123447
86.029 1.108949346
88.771 1.269212849
92.041 1.240188997
94.276 1.308082851
96.072 2.053613506
97.877 2.051822668
99.809 1.710821068
105.315 1.479765753
110.923 1.479670655
119.909 0.9563692387
123.749 1.022660252
128.477 0.7552447429
131.634 0.8724204286
134.786 1.13646292
137.697 1.172360304
140.754 1.178957664
144.138 0.9641100807
147.039 1.347705446
149.752 1.347734025
152.207 1.513297354
154.23 1.855942229
161.197 1.21509576
167.33 1.212760136
176.015 0.9321883926
180.117 1.331179327
