0.497 1.405895816
1.03 1.404618869
1.486 1.40980741
2.548 1.386185527
6.523 1.403022215
9.486 1.040019022
14.45 0.6869667269
17.5 1.322816663
20.706 1.028278548
24.393 0.9516636289
27.429 1.201717668
30.521 1.136366979
33.72 1.135015555
37.406 1.134562969
40.209 1.135281885
43.722 1.010853183
47.264 1.04498136
49.689 1.387761202
52.286 1.490436902
54.728 1.482331431
57.993 1.044881483
62.758 0.7677450143
66.406 1.061532085
69.581 1.062275095
72.362 1.218590087
74.439 1.665724229
80.203 1.567413586
87.261 1.056202469
91.997 1.695859588
96.876 1.690787848
101.999 1.546701297
107.286 1.545908534
112.204 1.702888835
117.289 1.708364734
123.72 1.403557447
129.504 1.401534937
133.779 1.714504504
138.454 1.72225598
143.117 1.724738629
147.979 1.676005221
152.801 1.639390929
157.739 1.684460425
162.499 1.685781103
165.303 1.348282049
168.089 1.336000361
170.942 1.342003404
173.325 1.341738567
175.773 1.33738285
177.426 1.386993609
