0.631 1.1049606
1.243 1.115034632
2.526 1.085605213
3.141 1.113973923
4.625 1.091913278
7.469 1.086275792
10.596 1.095705225
13.504 1.412836422
15.83 1.430870239
18.422 1.354859499
21.02 1.39887823
26.248 1.522660289
31.953 1.458978624
36.162 2.038930332
39.796 2.081300268
44.435 1.769779177
50.115 1.521135764
55.351 1.491561822
59.588 1.979942712
63.909 2.002065042
67.864 1.968155479
71.928 2.016363759
77.444 1.520372092
83.069 1.368720306
87.285 1.951557339
91.374 1.977454582
95.837 2.013727964
99.637 1.969743864
103.893 1.988483494
108.094 1.973000231
112.235 1.954821187
116.308 1.998812935
120.397 2.045175901
124.777 1.994360612
129.301 1.956280161
133.673 1.871563903
137.602 1.884145451
141.804 2.046585508
145.977 1.953543483
150.435 1.84787335
154.935 1.774399593
159.617 1.764568315
164.317 1.714341252
166.54 1.706469084
168.859 1.587503767
171.155 1.631502128
173.091 1.64625675
175.133 1.639687098
176.578 1.63307312
