0.306 2.27688851
1.072 2.241144643
1.694 2.245950887
3.368 2.236764842
6.312 1.276706718
8.852 1.223677412
11.578 1.265763947
15.127 1.123508769
17.88 1.189887217
20.79 1.18485273
23.758 1.231347903
26.83 1.207968156
29.951 1.161977324
33.274 1.184771041
35.891 1.187788121
38.916 1.184500953
42.094 1.169359629
45.039 1.169107557
48.229 1.181326998
50.973 1.293691362
57.051 1.258248652
64.41 1.110673686
71.692 1.15263249
78.326 1.168112045
81.264 1.174870007
84.228 1.157993167
88.011 1.084661504
90.719 1.085537578
94.07 1.11303199
96.858 1.32469865
99.365 1.326602372
102.278 1.240905292
105.497 1.101780416
109.122 1.100617423
112.763 1.077213677
116.179 1.046849377
118.913 1.046096718
122.395 1.035354119
125.935 0.9905963529
129.398 1.025605838
132.273 1.160717044
135.049 1.498686599
141.997 1.146879849
149.228 1.16159306
156.091 1.167858733
163.341 1.173460686
169.614 1.17828335
176.874 1.120946439
181.606 1.138980005
