3.465 0.2031958796
4.846 0.4468748833
6.715 0.2940751467
10.444 0.165612279
14.348 0.1643543805
16.232 0.2794471971
17.921 0.3648135484
19.844 0.3624760311
22.232 0.2477190825
24.664 0.2293536163
27.18 0.2229902782
30.08 0.2221942366
38.925 0.2671241052
54.402 0.2522405763
56.896 0.2252228908
59.699 0.1998740468
62.588 0.2006024397
65.162 0.2303612816
67.877 0.2390868292
73.204 0.2516452971
75.656 0.2787456082
77.881 0.2789948813
80.115 0.2858653929
82.074 0.2870092757
84.095 0.2838654981
85.537 0.4595467981
90.877 0.7608911785
95.814 0.5782707868
102.623 0.5413625072
108.333 0.6468854572
114.068 0.5771627657
121.438 0.4853356171
130.378 0.3734255766
135.239 0.1307709814
140.597 0.1310743163
144.632 0.1592993927
147.107 0.213680921
149.503 0.2111109282
152.218 0.2142868333
153.188 0.6853978578
154.031 0.6862705817
155.197 0.680283853
159.555 0.327432059
173.212 0.2676048062
177.508 0.153818855
181.621 0.1544040144
184.912 0.1686375732
187.394 0.1931102766
189.772 0.1945062788
