0.748 0.93017316
1.449 0.9394528797
2.078 0.9356455655
2.738 0.9355217894
4.489 0.921651063
7.753 0.9541000635
11.186 1.000355765
15.314 0.9868999974
18.404 1.063439262
21.955 0.991640164
25.656 0.9622341584
29.26 0.9631696414
32.774 1.020264562
37.059 0.950973105
40.298 0.9634863918
44.021 0.9546478352
47.967 0.9342117068
51.935 0.8445386041
55.304 1.118394814
58.501 1.11596111
61.754 1.057880008
65.512 0.9626453336
69.551 0.9617299235
73.234 0.8989837064
76.637 1.007284508
80.106 0.9946163266
84.433 0.9509784546
87.656 0.9001680904
91.279 1.017566647
95.089 0.962778329
98.62 0.9555438847
102.56 0.972932321
105.85 1.018601449
109.703 1.017991108
113.447 1.052556001
116.808 1.068837994
119.461 1.069196645
127.65 0.98323772
135.478 1.024425293
142.844 1.090399245
145.919 1.136346116
149.434 1.116771736
152.633 1.061009792
156.128 1.063038106
159.705 1.025329395
163.662 0.9505420934
166.965 0.9531227391
170.296 0.9609887756
172.747 0.9605483985
