0.453 1.543917551
1.492 1.524807557
1.948 1.552892342
2.949 1.521097701
4.018 1.524763362
6.137 1.47434661
8.416 1.530303436
10.669 1.82876184
14.947 1.805341908
19.047 1.998183776
23.083 2.035945275
26.979 2.076575476
30.57 2.376641582
34.136 2.400340274
37.45 2.30014806
41.018 2.281698773
46.78 1.553884171
50.026 2.458492143
53.723 2.285012723
58.065 1.885819141
61.935 1.984629707
65.963 2.047988994
70.329 1.914112189
74.428 1.893237375
78.742 1.924317717
83.001 1.957190739
88.16 1.765553049
93.291 1.445954297
98.241 1.645257893
103.173 1.656345873
107.758 1.729446863
112.879 1.577034209
118.906 1.38441073
121.549 1.520955909
123.776 1.763663613
125.798 1.767941999
130.259 1.64423469
135.418 1.56501239
140.24 1.678774782
144.482 1.914802799
148.62 1.958263721
152.588 2.096990217
156.773 1.944525037
161.208 1.87896205
166.341 1.633746983
170.717 1.943305475
174.329 2.074730438
178.125 2.159452583
180.629 2.207245192
