1.316 0.5270739574
2.531 0.5323854406
3.616 0.5319212008
4.833 0.5309021725
6.092 0.5272739405
7.123 0.532597209
9.759 0.5234255478
17.441 0.5200579156
23.637 0.5208076374
30.081 0.5363430865
35.868 0.6094485177
42.032 0.5595195998
43.245 0.5425759347
44.566 0.5446226299
47.137 0.5422755771
49.641 0.5685256668
52.096 0.5691961949
54.674 0.5690284692
61.281 0.5609905273
67.482 0.559343034
73.463 0.5598335291
80.348 0.5219808912
81.619 0.5189369218
82.717 0.5235424825
83.765 0.5882255957
86.077 0.6299512411
88.652 0.6277272386
93.798 0.5564772351
100.503 0.5512594452
107.191 0.5543180055
113.201 0.5544111276
119.71 0.5569862001
125.663 0.5648798702
128.652 0.5622880585
131.396 0.5619233646
133.91 0.5719034557
136.116 0.5741564184
138.591 0.5737606015
141.208 0.5692733028
147.476 0.5640247193
153.544 0.5315686012
160.372 0.5669380978
161.389 0.5697576107
162.683 0.5607525276
163.844 0.564281885
164.985 0.5664908463
170.606 0.5547619246
176.596 0.5550421771
180.718 0.560380311
