0.841 0.8266942388
1.615 0.8350692264
2.346 0.8377116496
3.115 0.8379021244
3.958 0.8282654679
6.494 0.7864238565
11.814 0.6502312475
18.028 0.6471926644
24.486 0.4992507585
30.695 0.5626187491
34.42 0.9694389067
36.332 1.876036305
37.809 2.513885274
40.53 1.468105471
43.509 1.130661796
46.611 1.146916588
49.85 1.148811776
52.722 1.174107304
55.918 1.185520156
57.465 2.366421665
63.711 1.225527277
71.81 1.015007585
73.904 1.228908719
77.801 0.9054926388
81.381 0.9645265461
84.483 1.137279823
87.682 1.305270623
91.038 0.875574861
94.164 1.18872109
97.703 1.041812371
100.977 1.028767957
104.971 0.8999315689
108.712 0.9395319302
116.119 0.5273980228
119.511 1.158290761
125.628 0.5846041975
128.328 1.040476858
133.814 0.6486834058
136.238 1.452477334
139.943 0.9554015188
143.598 0.8949362632
147.55 1.045710013
150.538 1.128185292
154.073 1.049488374
158.225 0.8706665768
163.15 0.7573985621
166.638 0.9058997127
169.574 1.103469761
172.203 0.8637114138
