0.409 1.703364956
1.878 1.671344911
3.535 2.017923315
5.333 2.011274064
6.75 2.758598444
8.146 2.225283419
9.719 2.227644089
11.557 2.254079594
15.111 2.185088019
19.255 1.995712611
23.93 1.7529789
27.945 1.986885986
31.432 2.40164424
33.902 3.533862132
36.813 2.65742079
40.078 2.528096304
42.911 3.386417153
45.211 3.475799237
48.733 2.411068592
52.304 2.296014489
55.889 2.180867884
60.099 1.981326602
64.501 1.925261491
68.377 2.017845355
72.497 1.991697108
76.36 2.200258541
80.134 2.392146641
83.07 2.56300704
86.402 2.411179651
89.892 2.378091859
93.405 2.313905208
97.224 2.152277829
101.669 1.871847948
105.706 2.127550778
109.76 2.282413546
113.631 2.085988436
117.074 2.124006919
120.571 2.30595359
124.033 2.320154099
127.873 2.121959827
131.63 2.109993598
135.544 2.121074677
139.295 2.143042933
143.417 2.162504659
147.042 2.23911272
150.652 2.3611793
153.531 2.58587459
157.822 1.903559247
160.551 2.019963782
