0.584 1.192655886
1.094 1.210675678
2.322 1.185192975
3.617 1.18420179
5.775 1.181733357
8.342 1.181464908
11.268 1.180995043
14.554 1.217105612
17.053 1.300098082
19.222 1.614122736
21.313 1.747898349
25.508 1.91020597
30.202 1.790116879
35.16 1.745432008
39.308 1.821137734
43.719 1.857652203
48.216 1.9343264
52.896 1.669716983
57.85 1.707383422
62.45 1.844625115
66.712 1.805625742
71.257 1.820895298
75.887 1.805379576
80.261 1.788577111
84.674 1.864334401
88.819 1.905748393
93.653 1.878715209
97.612 1.879407161
102.139 1.873970873
106.537 1.8612349
111.032 1.777552237
115.31 1.903109886
119.569 1.960554719
124.2 1.852744066
128.897 1.872226248
133.295 1.861950454
137.218 1.875731878
141.685 1.910048598
145.94 1.922782745
150.28 1.869511211
154.625 1.817998656
159.257 1.788256402
163.556 1.858885333
168.085 1.844944185
172.517 1.835167844
177.173 1.831699593
181.339 1.852870769
183.138 1.823985648
184.007 1.833824379
