0.505 1.382895475
1.034 1.391112918
1.489 1.390959718
2.03 1.389789581
3.236 1.366841443
5.511 1.36057283
8.023 1.400498072
10.612 1.580384331
15.907 1.473712987
21.497 1.472115688
29.314 1.051194733
33.238 0.8954369035
46.073 0.2762316289
48.668 0.2706582718
49.82 0.4896057766
50.749 0.6343721289
52.986 0.6251348988
55.258 0.6251876557
56.526 1.270998071
58.12 1.459114327
63.522 0.6253920095
70.116 0.5489145568
77.168 0.5201093216
84.231 0.4655819109
93.267 0.3750876394
94.688 0.4337843261
96.078 0.507202288
98.2 0.5024348299
101.325 0.4997760187
105.317 0.3848486532
109.165 0.3606076279
113.415 0.3593284947
114.126 0.9574003606
117.918 1.04336504
121.399 1.128828175
124.631 1.130435547
127.499 0.9757044592
131.52 0.8956424038
134.449 1.196006637
137.186 1.298844166
139.337 1.58310986
141.973 1.610755686
144.179 1.524067233
148.039 0.9498777834
152.039 0.9111420089
156.061 0.9302096422
158.97 1.086506301
166.536 1.067219809
172.134 0.9671208532
