0.938 0.7431163597
1.801 0.7496152511
2.626 0.7399984842
3.504 0.7421726134
4.444 0.7441209956
6.147 0.7355345923
10.612 0.7702259003
16.779 0.6521142816
22.185 0.5932746062
25.902 0.9492718465
31.004 0.7019672083
35.614 0.7612112512
39.937 0.8363698097
44.535 0.8548215006
48.73 0.7800354351
53.353 0.7583631323
57.989 0.7873397985
62.301 0.7893016518
67.353 0.7452184509
72.231 0.7156934509
76.982 0.7127560341
79.184 0.6928110257
80.102 0.7008630841
80.957 0.7062407558
81.811 0.6980477657
86.394 0.7552129347
91.629 0.7844407977
95.346 0.7792834008
99.789 0.8299236234
104.498 0.794239453
108.71 0.7947282798
111.0 1.633792011
114.936 0.8613605137
120.581 0.71767804
125.952 0.7168610178
130.221 0.8363822796
133.222 0.9343496527
137.056 0.9347293414
141.106 0.8490114936
145.951 0.7324205888
150.385 0.7335475735
155.822 0.7200488589
160.753 0.7106181126
166.014 0.6991188472
170.686 0.783122056
175.588 0.7672617653
180.679 0.625384319
185.151 0.7137155359
187.113 1.176709845
