2.071 0.3349360512
3.872 0.3400134982
5.506 0.3389048433
7.722 0.2820255931
11.166 0.1869455269
14.139 0.168128396
16.075 0.3183716227
17.252 0.5778885071
18.301 0.5827321037
21.956 0.9687496387
26.138 0.8482884488
40.364 0.2415765283
43.262 0.2197422565
44.926 0.4240942229
45.566 0.9471646297
46.422 0.6414910181
48.581 0.6601891921
52.766 0.8325865794
58.314 0.6690815813
67.647 0.3749911882
76.512 0.3778142887
84.067 0.4810619992
86.082 0.3187406603
87.759 0.3222306784
88.521 0.8220984229
90.585 0.7202196239
94.358 0.436898158
98.382 0.2649412697
106.627 0.1829197416
109.99 0.1764837803
113.524 0.1858301642
116.757 0.1932058258
118.658 0.3140767615
120.109 0.4460413006
122.316 0.3225518354
126.205 0.3651265342
135.686 0.2900291681
142.349 0.5384352391
151.076 0.3914203539
152.059 0.7498842154
152.852 0.7581115793
155.674 0.5212185114
161.152 0.2565440803
162.489 0.5408777545
163.344 0.8581137505
166.052 0.5569629697
179.398 0.2348042492
182.058 0.182395255
184.644 0.183320887
