0.926 0.7530466452
1.79 0.7614512814
2.61 0.7583366391
3.537 0.7164218908
4.866 0.4954742082
5.889 0.4981450035
7.197 0.4962607277
15.289 0.4971816599
24.493 0.3515336125
31.874 0.4704321177
32.925 0.5389121534
34.111 0.6526019488
35.112 0.6817772862
36.488 0.5303700155
38.848 0.5465305729
45.529 0.5355377828
54.001 0.4307872121
61.022 0.4792065592
63.104 0.7685556343
66.041 1.216298852
70.481 0.7597832363
75.4 0.7300439544
82.297 0.5318636387
84.492 0.6253375489
85.98 0.9857973442
88.909 0.4887026583
97.079 0.4982668001
101.917 0.5908708626
108.826 0.5329111927
110.094 0.4854076655
111.459 0.4827294703
112.592 0.5568441673
115.227 0.5520275388
118.675 0.4603143548
122.012 0.4569392137
128.951 0.5158120773
133.372 0.62433403
141.609 0.4272166043
150.473 0.3886299593
151.6 0.5293300344
153.259 0.3620980306
154.999 0.3824975921
156.55 0.3883035334
160.931 0.3822394921
164.421 0.4416939139
167.947 0.4317160655
171.967 0.3159058294
179.239 0.4392631825
183.945 0.3198015719
