0.46 1.516223963
0.895 1.522902563
1.353 1.521107995
2.365 1.498657903
3.436 1.496444199
5.822 1.29325282
8.755 1.189335403
14.781 0.6618522298
18.75 0.8276126584
22.403 0.9490068348
25.593 1.137954654
27.985 1.500664045
30.743 1.339145729
32.914 2.011082404
34.527 2.008001863
40.329 1.39973444
50.426 0.8510881524
53.828 1.532988361
55.719 2.030915955
57.558 1.963453862
61.563 1.91936235
65.642 2.009357283
69.899 1.971658869
74.264 1.870876304
80.794 1.254293136
91.516 0.7390958137
98.789 0.5591413393
105.205 0.4498686597
109.0 0.4099456471
112.031 0.5170944591
113.227 1.211313805
114.192 1.705678444
115.04 1.970849035
117.059 1.97490275
119.186 2.02470454
121.115 1.944148843
124.943 1.9139403
129.154 1.92802878
133.294 1.943022563
137.414 1.994207562
141.49 1.972546831
145.645 2.01533658
149.729 1.964367129
154.474 1.769785653
159.452 1.664715228
164.073 1.832904923
167.902 1.924229021
172.06 1.978743023
174.839 1.955520493
