1.746 0.39943053
3.309 0.3988304437
4.944 0.3479725314
6.895 0.3215530956
8.301 0.4824975027
9.236 0.591625615
10.113 0.7263739824
16.523 0.6275277266
21.01 0.7235947353
26.028 0.6961586079
29.091 1.176243842
32.115 1.177133508
35.241 1.164667086
39.162 1.003708661
42.299 0.9916219451
46.075 0.9901580921
49.748 0.9908462
53.144 0.9905427223
57.1 0.9471324989
60.887 0.9390664821
64.701 0.9009654514
68.767 0.9008934904
73.164 0.8287035291
77.494 0.7622184871
82.206 0.7605089775
87.599 0.6391805984
92.987 0.7613251468
96.923 0.7429469514
102.143 0.7070080106
105.509 1.102239387
108.566 1.101678267
112.082 1.024006357
114.164 1.607480412
116.802 1.605946773
120.407 1.092008028
125.691 0.6840313286
128.271 1.110808149
131.16 1.226278219
132.579 2.467091063
133.897 2.695809737
136.573 3.06002583
140.011 2.389952085
146.427 1.24985386
154.465 1.038535516
162.022 1.054297439
169.349 1.155449882
178.155 0.835117598
182.336 0.7667314244
185.33 0.7678427219
