0.461 1.509455106
0.9 1.510973822
1.891 1.486215792
2.968 1.489242252
4.041 1.489165774
6.124 1.48315306
11.657 1.474150011
17.618 1.442858356
22.591 1.567047136
28.656 1.357218854
33.97 1.537899694
36.062 1.664639044
38.229 1.663652937
40.624 1.816797817
42.376 1.8311437
44.286 1.828470854
46.33 1.871827621
50.495 1.875314937
55.017 1.874363738
59.395 1.872176109
63.717 1.803479765
68.791 1.624990063
73.309 1.878431989
77.538 1.84187047
82.068 1.82419623
86.707 1.776882266
91.775 1.79543547
95.731 1.870302435
100.057 1.869998726
104.412 1.871620773
108.723 1.866176636
113.102 1.861863272
117.544 1.880919909
122.139 1.878522087
126.991 1.871002037
131.592 1.779280186
135.851 1.725274525
140.262 1.835437325
144.582 1.858840087
148.898 1.862097707
153.224 1.861140532
157.681 1.858608666
161.986 1.846707329
166.798 1.835916434
171.15 1.865046697
175.738 1.846677026
179.961 1.75819528
182.884 1.769734496
184.081 1.902230347
