0.278 2.504577361
0.907 2.472729589
1.536 2.476086272
2.184 2.460599222
2.829 2.473121835
4.181 2.340655537
8.317 1.954047398
12.841 1.922942603
17.001 1.867519047
21.426 1.869044727
25.946 1.824585576
30.112 1.906480556
34.484 1.922438968
39.04 1.910087973
43.236 1.895649342
47.504 1.908577115
52.241 1.839092883
56.372 1.886397813
60.987 1.806719378
65.404 1.869558291
69.526 1.889252831
73.896 1.888870857
78.361 1.899591338
82.587 1.907486528
87.068 1.868188101
91.274 1.882384651
95.988 1.904412532
100.024 1.87556281
104.34 1.878404209
108.929 1.781332362
113.251 1.8547277
117.525 1.897685345
122.13 1.883092876
126.801 1.853147714
131.268 1.971103868
136.119 1.658293573
137.98 1.537121708
139.862 1.886123225
141.707 1.884010455
143.863 1.688497416
145.8 1.693071361
147.925 1.892138316
152.179 1.894581643
156.611 1.876399246
161.048 1.823314395
165.709 1.818544841
169.658 1.897204738
173.971 1.882547672
176.812 1.905898636
