0.329 2.119861716
0.682 2.127584463
1.338 2.091181836
3.176 1.969063548
4.881 2.218764996
6.276 2.173343908
8.204 1.780231428
10.5 1.802851595
15.247 1.649541096
19.669 1.851460782
24.001 1.885873265
27.2 2.526779723
30.15 2.88974212
33.011 3.017326134
36.156 2.447303202
39.467 2.455975766
43.55 2.211591571
47.854 1.80633377
51.52 2.286910574
55.666 1.978366122
60.832 1.481304055
66.029 1.582737144
71.306 1.590916889
76.304 1.555173103
81.22 1.691430857
84.823 2.357230628
88.9 2.232150861
92.404 2.161262861
95.692 2.492940217
100.033 1.907093329
103.267 2.48666118
106.742 2.327193505
110.088 2.483249837
114.097 2.187743829
119.049 1.84645243
122.565 2.308840125
125.297 2.653627373
129.363 2.020187971
132.831 2.320154099
136.829 2.036431855
141.177 1.837592831
145.208 2.034511039
148.531 2.448147371
152.575 2.188303363
157.417 1.643940912
161.501 2.095864947
165.474 1.887387379
169.296 2.11780396
172.076 2.001014778
