0.844 0.8266942388
1.618 0.8350692264
2.35 0.8363648463
4.167 0.819727003
6.092 0.8208377564
12.198 0.499021018
15.801 0.9743123697
19.054 1.258258147
22.217 1.02231367
25.985 0.928274845
28.651 1.327685795
31.441 1.252297262
35.36 0.9174142403
40.001 0.8781879198
43.541 0.8930972633
47.34 0.923827889
50.697 1.097948354
53.663 1.156386485
58.157 0.8283939038
62.648 0.7763317347
66.227 0.9464765487
70.404 0.8700107557
75.306 0.7837868598
79.704 0.7599027965
87.45 0.4382255877
101.027 0.2508755297
103.982 0.2437348171
105.778 0.2458130631
108.21 0.2463806241
109.752 0.4075996721
111.249 0.4209567559
114.941 0.4152418522
118.359 0.4169907931
121.918 0.4430492463
133.971 0.3202356149
136.593 0.2395585711
138.83 0.2418690662
140.902 0.241886407
143.328 0.2397561352
145.119 0.3431204528
146.295 0.5212017107
147.617 0.5150138665
150.451 0.5118547757
159.726 0.3948162452
169.359 0.3756050295
179.8 0.3532134273
181.439 0.3465296474
182.865 0.3441285476
184.177 0.34427451
