0.814 0.8549126262
1.597 0.8624485453
2.33 0.8655889092
3.099 0.8629141281
5.034 0.8490640131
8.306 0.939065395
10.297 1.789690681
12.736 1.695160846
14.212 2.272377736
17.712 2.371044986
21.071 2.480742157
23.767 2.941099377
26.566 2.980930936
30.325 2.277610282
32.849 3.057123016
35.42 3.18729339
38.736 2.64006173
41.527 3.031524147
44.383 2.97669225
47.464 2.712060387
51.581 1.863270965
56.147 1.785553704
60.95 1.744399899
65.364 1.748273465
69.261 2.113299816
73.325 1.950852054
77.481 2.297768499
80.96 2.188996165
84.792 2.101644942
88.602 2.182120071
92.063 2.344269607
96.371 1.876733686
101.485 1.607817314
104.767 2.693460421
109.425 1.860458896
114.954 1.519575799
119.82 1.486760621
124.818 1.629502904
128.831 2.025324616
132.696 2.109622851
136.398 2.187073676
140.078 2.278059178
143.787 2.146539876
147.97 2.034577344
152.118 2.018919005
156.654 1.881606292
160.474 1.941642858
164.602 1.959874814
167.41 1.977272668
