1.698 0.4103373103
7.265 0.4217122597
9.784 0.865570178
11.923 1.094595733
14.07 1.185772484
16.196 1.436670443
17.468 2.906124126
18.81 3.02503013
19.928 3.103952367
23.606 2.244413376
28.603 1.652982762
29.983 6.119235714
31.693 5.172074631
35.061 2.59938569
39.224 1.813169703
43.729 1.813472479
50.678 1.240617501
53.997 2.474373876
56.437 3.54824785
58.111 4.998301947
60.443 3.394737973
63.79 2.464444595
65.987 3.974613911
68.02 3.976590638
70.452 3.467216961
73.015 3.12105227
76.156 3.120009187
78.491 3.214428637
80.959 3.377292467
83.372 3.402299638
85.99 3.041925693
91.456 1.496115225
96.955 1.49789119
105.071 1.05637705
121.708 0.5177416976
134.685 0.2745861273
136.423 0.7087509498
141.153 0.7556740455
144.935 0.9105373804
148.178 1.095385982
152.094 0.8233967476
158.191 0.6398151884
161.304 1.104744445
164.307 1.341293545
165.819 2.53526721
167.128 2.996663876
168.26 2.942879924
171.669 2.386391184
176.16 1.198091302
