0.407 1.699085144
0.852 1.707088419
1.689 1.683738665
3.882 1.67703335
6.219 1.67838674
8.075 1.688189517
10.091 1.700251319
12.543 1.690801239
17.151 1.684428944
22.045 1.669494328
26.869 1.699545657
31.576 1.676395122
36.705 1.613354258
42.269 1.550962032
46.784 1.668765136
52.04 1.561630777
54.413 1.564743629
56.586 1.590031416
58.917 1.663916197
61.014 1.714592943
63.044 1.715702962
65.088 1.7963215
70.115 1.684996395
74.598 1.733920479
79.477 1.707407848
84.697 1.540570558
90.776 1.49459011
95.169 1.683959171
99.997 1.658661916
104.845 1.700790396
109.799 1.673480092
114.62 1.696592759
119.49 1.706097125
124.614 1.701529908
129.844 1.672021299
132.113 1.59669523
133.891 1.614939066
136.001 1.752617515
138.076 1.718309485
140.292 1.588535889
142.418 1.591790921
147.366 1.674049668
152.125 1.675403762
157.306 1.621029121
162.236 1.638828095
167.548 1.596220352
172.097 1.62684037
178.088 1.364638745
181.647 1.553818294
