0.436 1.5986664
0.876 1.598627
1.234 1.610584936
1.674 1.597106259
4.076 1.570998436
6.008 1.571547731
8.255 1.571720888
13.867 1.534612814
18.491 1.671539785
23.194 1.760948513
28.916 1.442158168
34.512 1.421371
38.043 1.545331117
40.194 1.84815195
41.53 1.641598812
43.804 1.565831401
46.352 1.47368068
48.691 1.44815169
50.598 2.054768995
55.583 1.646946135
61.044 1.424298737
64.177 2.644789446
68.362 1.990178786
73.123 1.614619091
77.938 1.721136477
82.187 1.877420318
86.846 1.964450229
91.293 1.749421929
96.068 1.705329594
101.116 1.609002787
106.492 1.489546331
112.064 1.466456553
117.495 1.514593192
123.184 1.527374396
128.764 1.5753638
133.86 1.580720276
136.55 1.608259013
138.702 1.671236999
140.853 1.657633524
143.223 1.499099048
145.445 1.498419797
150.871 1.517429895
156.391 1.441875616
161.978 1.511772946
168.512 1.235589793
171.828 1.208380174
174.469 1.211299067
177.284 1.138589233
180.051 0.8469626373
