0.508 1.3772625
1.034 1.387776916
1.492 1.387250492
2.669 1.358382378
5.456 1.354111143
7.758 1.329609325
10.35 1.329201998
13.387 1.326821154
15.94 1.308139926
19.191 1.07065905
21.627 1.509411355
23.975 1.511297626
27.189 1.179093829
31.658 0.8926244426
33.957 1.363148454
36.722 1.269452223
39.644 1.271942292
45.8 1.259977224
52.045 1.348183613
56.505 1.824903236
60.538 1.933054616
64.526 2.066283944
69.671 1.634663169
74.288 1.661910666
79.008 1.770204786
83.257 1.979954525
88.106 1.858728877
91.715 2.093414997
95.84 1.969738177
100.068 1.936920342
103.829 2.114698948
107.591 2.172764564
111.481 2.164106736
115.618 2.122242517
119.754 2.227915221
123.495 2.165870123
127.305 1.933634243
134.405 1.143895638
142.293 1.020736519
149.296 1.162150658
152.753 1.495787957
155.209 1.591924304
158.198 1.144240689
160.531 1.633378659
162.799 1.632549641
165.097 1.672588491
166.903 1.825176562
168.738 1.82292949
171.69 1.852920217
