0.528 1.315634022
1.058 1.327300399
1.511 1.320352625
2.058 1.326037766
3.996 1.293110781
6.324 1.351930353
10.494 0.824932124
14.49 1.029663088
17.089 1.281712856
19.972 1.232538971
22.697 1.303429045
25.381 1.32885905
28.279 1.231452192
31.287 1.388276906
33.512 1.457405262
39.117 1.456783296
44.888 1.501293697
50.29 1.452258108
56.295 1.405772804
63.093 1.201658871
69.512 1.205471778
72.398 1.279482869
77.232 0.7955627118
83.031 0.5710614798
88.818 0.5878485444
91.843 1.15166101
95.008 1.29639698
97.023 1.478106199
99.939 1.281780729
103.496 1.04451059
108.41 0.6785399348
113.818 0.6959870691
116.428 1.308993989
119.329 1.370484115
122.167 1.38784293
124.927 1.297536146
127.061 1.328506954
129.641 1.383755089
132.381 1.26730962
135.153 1.263753086
137.934 1.263106245
140.846 1.349136132
146.289 1.46897955
151.966 1.487793851
157.279 1.501817956
163.343 1.386233169
168.677 1.387362537
174.367 1.418992386
178.205 1.406303899
