0.586 1.192655886
1.096 1.213213782
1.649 1.195905596
2.192 1.209523987
5.46 1.180374501
8.039 1.180528724
10.954 1.185985163
14.267 1.213361824
16.859 1.246949418
19.553 1.291052975
22.051 1.434467254
24.092 1.722619909
29.379 1.59179287
35.071 1.495599895
40.394 1.413296733
46.511 1.334858452
52.87 1.36225834
55.3 1.382519973
58.049 1.396399454
60.452 1.470279956
62.766 1.470711231
65.227 1.471882322
68.194 1.249381275
74.532 1.222975921
81.151 1.244696402
87.291 1.289431936
94.526 1.252564835
97.038 1.16490154
100.226 1.163868446
103.484 1.145007666
106.393 1.129641588
109.663 1.128490159
112.416 1.221112716
115.564 1.263471248
118.64 1.262927882
121.8 1.213245615
124.177 1.198180598
127.125 1.200555052
129.981 1.222392317
132.79 1.247358451
135.47 1.2492694
141.798 1.292893729
147.791 1.343231301
153.884 1.382163477
159.876 1.348817048
165.61 1.467804943
170.523 1.517526985
176.22 1.429366617
180.873 1.170222599
