0.423 1.649355823
0.865 1.653437068
1.718 1.629085475
2.683 1.634742931
3.528 1.873760607
5.883 1.31320163
8.524 1.29148691
11.534 1.350903866
13.946 1.360308456
21.811 1.035373551
28.868 1.163606605
36.886 0.9808583021
40.403 1.041381806
45.5 0.8058622424
48.938 0.9235959005
52.171 1.088389307
55.632 1.052937294
57.821 1.56287718
60.69 1.321556462
63.813 1.146112161
66.808 1.147561878
69.51 1.371333048
73.593 0.9515636453
77.319 0.90373098
81.284 0.8653252407
85.286 0.8507346919
89.264 1.015100196
92.494 0.8885402103
96.43 0.9504772782
100.17 0.9919853239
104.203 0.8175262224
108.797 0.8287184966
112.241 0.9907071572
116.815 0.8563620998
120.282 1.137237205
122.948 1.334017025
125.083 1.309262526
127.724 1.338655709
130.216 1.406539641
133.469 1.096774304
137.443 0.8567567983
141.733 0.9062654404
144.924 1.062377514
148.346 1.089246502
151.853 1.038160933
155.883 0.9215270597
158.71 1.110720316
160.925 1.497003913
162.399 3.836477974
