1.067 0.652737343
2.008 0.6568705719
2.921 0.6568420889
4.018 0.5869568181
5.125 0.6178321681
5.893 0.7106667751
7.401 0.9602521398
10.713 1.233856518
13.458 1.198881073
16.393 1.181968874
23.178 0.5285450102
26.773 0.960188531
30.479 0.962019467
34.195 1.048475651
36.604 1.332829845
40.008 1.106628509
45.417 0.6789616427
54.922 0.3518309584
60.994 0.6169482726
64.302 1.078820803
66.88 1.345417374
69.262 1.511967628
71.653 1.537453815
74.377 1.220579604
76.809 1.512751553
79.14 1.509749155
82.646 1.166153253
85.547 0.9961944992
92.872 1.095325506
99.345 1.252114006
105.27 1.341354265
110.856 1.441843585
118.826 1.02943362
123.663 0.8452722482
129.232 0.6939214652
134.103 0.735007915
137.309 0.8766513715
143.604 0.5651957407
151.266 0.4492775164
153.089 0.8294477325
154.232 1.261234745
154.816 1.194546051
157.987 1.144637995
161.345 1.123011118
164.965 1.005389224
169.171 0.8795890356
172.15 1.053536966
175.203 1.054319902
177.435 1.051705258
