0.374 1.873229605
0.721 1.860781266
1.09 1.871291131
1.983 1.839878849
4.133 1.833608461
5.835 1.833633537
10.415 1.781414575
15.746 1.627246558
20.882 1.508309919
25.99 1.620539483
31.141 1.607623521
36.109 1.596648273
39.522 1.600471447
42.028 1.597036026
44.011 1.606823783
46.243 1.609877292
48.542 1.61101293
50.672 1.597742529
53.02 1.589756367
55.276 1.58635469
57.379 1.603701077
62.466 1.601523342
67.716 1.588164967
72.592 1.590969094
77.829 1.589931781
82.832 1.591286354
88.517 1.589501648
93.221 1.592213186
98.472 1.538464365
104.083 1.496252963
109.182 1.582830445
114.345 1.588005427
119.594 1.572756844
125.103 1.577805233
127.622 1.587590707
129.925 1.585877511
131.731 1.576443426
134.03 1.573327666
136.263 1.572053375
138.511 1.572657748
140.633 1.57997654
143.11 1.589932739
148.18 1.589053176
153.484 1.595955198
158.564 1.596781395
163.849 1.596220352
168.562 1.569438946
173.784 1.550761847
177.287 1.581466306
