0.364 1.9156824
0.715 1.916235013
1.502 1.896653293
2.361 1.8963018
4.375 1.886797104
5.991 1.882283322
7.903 1.878526415
12.549 1.878420227
16.677 1.879917133
21.045 1.861283988
25.435 1.869736052
29.663 1.883068443
34.199 1.832425104
38.8 1.884988821
42.853 1.892283145
47.409 1.858083313
52.13 1.843471676
56.364 1.844165026
60.856 1.8587581
65.178 1.87963323
69.236 1.885496861
73.686 1.850445827
78.288 1.846117587
82.464 1.875491194
87.095 1.852446138
91.409 1.866234544
96.289 1.864953168
100.393 1.842121082
104.782 1.859488194
109.128 1.862526826
113.457 1.851669256
118.107 1.738306201
122.749 1.796742938
127.539 1.875622494
132.266 1.844468704
134.196 1.863658604
135.76 1.869988064
137.683 1.862974434
139.535 1.853023441
141.481 1.852016962
145.753 1.849291724
150.199 1.852253724
154.792 1.840677967
159.346 1.861168046
163.642 1.868573972
168.174 1.873170487
172.085 1.884461953
176.546 1.849109109
179.492 1.850990762
